-0.174555,0.0818039,-0.383934,-0.050312
