21,21,25,21,21,21,21,2,25,2,21,10,18,25,25,18,21,2,21,11,18,21,21,2,18,26,3,2,18,26,3,21,11,3,25,10,21,21,21,21,10,21,26,3,21,21,39,21,39,21,21,21,21,21,21,21,21,21,21,21,21,21,21,21,21,21,21,21,21,21,21,21,21,21,21,21,21,21,21,21,21,21,21,21,21,21,21,21,21,21,21,21,21,21,21,21,21,21,21,21
21,21,9,21,9,9,18,25,25,18,21,2,25,10,21,21,21,21,21,2,18,3,18,26,3,21,21,10,3,25,9,21,21,21,21,21,21,2,18,26,3,2,18,26,3,21,9,39,21,39,21,21,21,21,21,21,21,21,21,21,21,21,21,21,21,21,21,21,21,21,21,21,21,21,21,21,21,21,21,21,21,21,21,21,21,21,21,21,21,21,21,21,21,21,21,21,21,21,21,21
21,26,21,9,18,21,21,18,21,2,2,18,21,9,21,21,21,3,18,26,3,25,21,21,21,21,21,21,2,21,21,2,21,3,2,22,3,22,3,21,9,3,26,3,18,21,21,39,39,39,21,21,21,21,21,21,21,21,21,21,21,21,21,21,21,21,21,21,21,21,21,21,21,21,21,21,21,21,21,21,21,21,21,21,21,21,21,21,21,21,21,21,21,21,21,21,21,21,21,21
21,21,9,18,21,21,18,21,2,18,21,2,2,21,21,21,3,10,0,25,3,21,2,18,26,3,21,21,10,10,18,21,21,11,2,21,21,21,21,21,11,3,18,21,9,39,39,39,21,21,21,21,21,21,21,21,21,21,21,21,21,21,21,21,21,21,21,21,21,21,21,21,21,21,21,21,21,21,21,21,21,21,21,21,21,21,21,21,21,21,21,21,21,21,21,21,21,21,21,21
21,26,21,9,18,21,21,18,21,21,21,3,21,2,2,21,3,25,21,2,18,26,3,21,10,18,21,21,21,21,3,21,21,11,3,21,21,10,3,18,25,21,18,25,9,39,39,39,21,21,21,21,21,21,21,21,21,21,21,21,21,21,21,21,21,21,21,21,21,21,21,21,21,21,21,21,21,21,21,21,21,21,21,21,21,21,21,21,21,21,21,21,21,21,21,21,21,21,21,21
21,21,9,18,21,21,2,21,21,21,18,26,3,21,10,18,26,3,25,21,21,10,10,21,21,21,21,21,21,3,21,21,3,21,10,3,18,21,21,18,21,9,21,34,22,3,2,22,3,22,39,39,39,21,21,21,21,21,21,21,21,21,21,21,21,21,21,21,21,21,21,21,21,21,21,21,21,21,21,21,21,21,21,21,21,21,21,21,21,21,21,21,21,21,21,21,21,21,21,21
21,26,28,2,18,26,3,2,21,25,9,21,2,21,10,10,21,18,21,21,18,21,21,26,21,3,21,18,21,10,3,18,25,25,18,21,9,25,9,21,21,21,21,21,21,9,39,21,39,21,21,21,21,21,21,21,21,21,21,21,21,21,21,21,21,21,21,21,21,21,21,21,21,21,21,21,21,21,21,21,21,21,21,21,21,21,21,21,21,21,21,21,21,21,21,21,21,21,21,21
21,21,9,18,21,21,2,18,21,21,21,2,18,26,3,25,21,21,21,19,19,31,11,21,21,21,21,21,19,23,31,11,21,2,21,18,21,25,10,21,2,21,3,22,3,22,3,18,21,9,39,39,39,21,21,21,21,21,21,21,21,21,21,21,21,21,21,21,21,21,21,21,21,21,21,21,21,21,21,21,21,21,21,21,21,21,21,21,21,21,21,21,21,21,21,21,21,21,21,21
21,21,9,18,25,25,10,18,21,21,18,21,2,18,3,2,22,3,22,3,18,21,25,10,21,2,21,3,18,26,3,25,21,21,18,21,21,21,21,10,21,11,21,10,3,21,3,21,3,18,21,9,39,39,39,21,21,21,21,21,21,21,21,21,21,21,21,21,21,21,21,21,21,21,21,21,21,21,21,21,21,21,21,21,21,21,21,21,21,21,21,21,21,21,21,21,21,21,21,21
26,18,21,2,29,29,29,21,19,19,23,31,9,21,21,21,19,23,31,9,21,21,29,21,19,19,23,31,9,25,10,21,2,18,26,3,21,9,18,21,21,18,21,21,21,25,23,31,21,2,18,2,21,21,11,3,18,25,21,10,18,21,9,39,39,39,21,21,21,21,21,21,21,21,21,21,21,21,21,21,21,21,21,21,21,21,21,21,21,21,21,21,21,21,21,21,21,21,21,21
21,26,9,21,18,21,21,2,18,21,21,18,21,21,18,21,2,18,26,3,25,21,21,21,21,21,21,18,26,3,21,21,21,21,11,11,3,18,21,10,9,39,39,39,21,21,21,21,21,21,21,21,21,21,21,21,21,21,21,21,21,21,21,21,21,21,21,21,21,21,21,21,21,21,21,21,21,21,21,21,21,21,21,21,21,21,21,21,21,21,21,21,21,21,21,21,21,21,21,21
21,21,21,2,21,21,21,21,10,18,21,21,18,21,21,21,21,21,18,25,25,18,25,11,3,21,18,21,10,3,18,25,25,18,21,9,25,9,21,3,21,21,21,21,9,18,21,21,18,21,21,22,36,3,21,9,39,39,39,39,21,21,21,21,21,21,21,21,21,21,21,21,21,21,21,21,21,21,21,21,21,21,21,21,21,21,21,21,21,21,21,21,21,21,21,21,21,21,21,21
21,21,9,2,21,21,21,21,21,21,3,21,21,21,21,9,9,21,21,21,21,21,21,9,39,39,39,39,21,21,21,21,21,21,21,21,21,21,21,21,21,21,21,21,21,21,21,21,21,21,21,21,21,21,21,21,21,21,21,21,21,21,21,21,21,21,21,21,21,21,21,21,21,21,21,21,21,21,21,21,21,21,21,21,21,21,21,21,21,21,21,21,21,21,21,21,21,21,21,21
26,18,28,2,18,26,3,2,21,21,21,21,21,21,21,21,9,18,21,21,21,21,3,21,9,3,21,9,18,21,21,22,34,3,28,21,18,21,9,39,39,39,21,21,21,21,21,21,21,21,21,21,21,21,21,21,21,21,21,21,21,21,21,21,21,21,21,21,21,21,21,21,21,21,21,21,21,21,21,21,21,21,21,21,21,21,21,21,21,21,21,21,21,21,21,21,21,21,21,21
21,26,21,21,25,21,26,3,25,21,21,3,3,18,21,21,18,21,21,26,3,21,3,21,9,3,21,9,9,18,21,21,18,18,21,21,21,18,21,9,21,21,3,26,21,21,21,3,26,21,39,39,39,21,21,21,21,21,21,21,21,21,21,21,21,21,21,21,21,21,21,21,21,21,21,21,21,21,21,21,21,21,21,21,21,21,21,21,21,21,21,21,21,21,21,21,21,21,21,21
21,21,2,21,21,21,21,3,18,26,3,25,21,21,21,21,21,21,3,21,21,3,21,2,18,26,3,21,11,21,11,21,3,18,26,3,21,21,10,3,21,21,2,9,39,39,39,21,21,21,21,21,21,21,21,21,21,21,21,21,21,21,21,21,21,21,21,21,21,21,21,21,21,21,21,21,21,21,21,21,21,21,21,21,21,21,21,21,21,21,21,21,21,21,21,21,21,21,21,21
21,21,2,21,3,21,21,2,21,26,3,25,21,21,21,21,2,21,21,2,18,26,3,21,10,18,21,21,18,21,3,18,21,21,18,21,10,21,3,21,21,21,3,21,9,39,39,39,21,21,21,21,21,21,21,21,21,21,21,21,21,21,21,21,21,21,21,21,21,21,21,21,21,21,21,21,21,21,21,21,21,21,21,21,21,21,21,21,21,21,21,21,21,21,21,21,21,21,21,21
21,21,9,9,21,21,18,25,25,18,21,2,21,10,10,21,21,21,18,21,21,18,21,10,21,3,25,9,21,21,21,21,21,26,3,25,21,3,21,9,21,21,21,39,21,39,21,21,21,21,21,21,21,21,21,21,21,21,21,21,21,21,21,21,21,21,21,21,21,21,21,21,21,21,21,21,21,21,21,21,21,21,21,21,21,21,21,21,21,21,21,21,21,21,21,21,21,21,21,21
21,21,21,21,21,21,21,2,18,26,3,21,9,21,3,3,25,21,3,3,21,21,21,25,21,2,18,26,3,21,9,18,21,21,21,3,25,2,21,21,25,2,21,3,18,21,9,39,21,39,21,21,21,21,21,21,21,21,21,21,21,21,21,21,21,21,21,21,21,21,21,21,21,21,21,21,21,21,21,21,21,21,21,21,21,21,21,21,21,21,21,21,21,21,21,21,21,21,21,21
21,21,9,18,21,21,18,21,21,2,21,10,21,19,23,23,31,10,21,3,3,21,25,21,2,18,26,3,21,10,18,21,21,18,21,21,18,21,21,22,3,21,18,21,11,21,3,18,25,9,39,21,39,21,21,21,21,21,21,21,21,21,21,21,21,21,21,21,21,21,21,21,21,21,21,21,21,21,21,21,21,21,21,21,21,21,21,21,21,21,21,21,21,21,21,21,21,21,21,21
21,21,2,21,3,21,21,21,3,21,2,18,26,3,2,18,26,3,21,9,18,21,21,18,21,2,21,2,21,2,18,26,3,25,21,21,21,10,18,21,21,18,21,21,18,21,10,3,34,3,21,21,21,21,21,3,21,18,21,9,39,21,39,21,21,21,21,21,21,21,21,21,21,21,21,21,21,21,21,21,21,21,21,21,21,21,21,21,21,21,21,21,21,21,21,21,21,21,21,21
21,21,21,2,21,21,3,18,3,21,3,21,2,18,26,3,25,21,21,3,21,21,25,21,2,18,26,3,21,9,18,21,21,18,21,2,21,2,3,21,2,21,21,18,21,9,39,39,39,21,21,21,21,21,21,21,21,21,21,21,21,21,21,21,21,21,21,21,21,21,21,21,21,21,21,21,21,21,21,21,21,21,21,21,21,21,21,21,21,21,21,21,21,21,21,21,21,21,21,21
21,21,21,9,18,21,21,18,21,21,21,21,2,21,2,21,2,18,26,3,21,21,21,11,18,21,21,2,21,3,21,3,2,21,3,21,3,18,25,28,11,3,21,21,18,21,9,39,21,39,21,21,21,21,21,21,21,21,21,21,21,21,21,21,21,21,21,21,21,21,21,21,21,21,21,21,21,21,21,21,21,21,21,21,21,21,21,21,21,21,21,21,21,21,21,21,21,21,21,21
21,21,2,2,21,21,18,21,21,2,21,10,18,25,25,18,21,2,21,11,21,21,21,18,21,21,18,21,11,22,3,3,25,10,21,21,21,21,21,21,26,21,21,21,3,21,21,9,3,21,2,21,3,2,18,26,3,18,26,39,39,39,21,21,21,21,21,21,21,21,21,21,21,21,21,21,21,21,21,21,21,21,21,21,21,21,21,21,21,21,21,21,21,21,21,21,21,21,21,21
21,21,9,21,9,18,21,21,25,21,21,3,21,10,18,25,25,18,21,2,21,11,18,21,21,2,21,21,18,25,11,3,25,10,21,21,21,2,18,26,3,2,18,26,3,21,21,21,3,21,3,21,9,39,21,3,21,39,39,39,21,21,21,21,21,21,21,21,21,21,21,21,21,21,21,21,21,21,21,21,21,21,21,21,21,21,21,21,21,21,21,21,21,21,21,21,21,21,21,21
26,18,21,2,21,21,21,18,21,21,21,18,21,21,21,21,10,21,2,18,26,3,21,9,18,21,21,21,34,3,21,18,21,29,25,23,31,9,3,21,9,21,21,21,21,18,21,9,39,39,39,21,21,21,21,21,21,21,21,21,21,21,21,21,21,21,21,21,21,21,21,21,21,21,21,21,21,21,21,21,21,21,21,21,21,21,21,21,21,21,21,21,21,21,21,21,21,21,21,21
21,21,21,25,21,2,18,26,3,21,9,21,21,21,18,21,21,2,21,25,21,21,2,21,11,11,21,21,21,2,21,3,25,18,21,11,3,18,25,25,18,21,10,21,2,21,3,21,3,18,21,9,39,39,39,21,21,21,21,21,21,21,21,21,21,21,21,21,21,21,21,21,21,21,21,21,21,21,21,21,21,21,21,21,21,21,21,21,21,21,21,21,21,21,21,21,21,21,21,21
21,21,21,21,21,21,3,21,21,21,3,21,21,18,25,25,18,21,2,21,10,21,21,21,21,10,3,25,9,21,21,21,9,9,18,21,21,2,21,3,18,25,26,9,39,39,39,21,21,21,21,21,21,21,21,21,21,21,21,21,21,21,21,21,21,21,21,21,21,21,21,21,21,21,21,21,21,21,21,21,21,21,21,21,21,21,21,21,21,21,21,21,21,21,21,21,21,21,21,21
21,21,2,21,21,9,18,25,25,18,21,2,25,10,21,21,21,2,21,2,18,26,3,26,21,21,21,21,21,11,21,10,3,25,9,21,21,21,18,21,2,18,26,3,21,21,9,2,21,3,21,39,39,39,21,21,21,21,21,21,21,21,21,21,21,21,21,21,21,21,21,21,21,21,21,21,21,21,21,21,21,21,21,21,21,21,21,21,21,21,21,21,21,21,21,21,21,21,21,21
21,21,2,21,21,21,18,21,21,2,21,2,18,25,25,18,21,2,21,11,21,21,21,21,11,11,3,25,10,21,21,21,21,21,21,21,10,10,21,21,3,21,9,39,21,39,21,21,21,21,21,21,21,21,21,21,21,21,21,21,21,21,21,21,21,21,21,21,21,21,21,21,21,21,21,21,21,21,21,21,21,21,21,21,21,21,21,21,21,21,21,21,21,21,21,21,21,21,21,21
21,21,9,18,21,21,18,21,2,21,21,21,21,21,21,25,21,21,3,21,2,18,26,3,21,11,18,21,21,21,2,2,18,26,3,18,26,3,21,10,10,3,21,18,25,9,39,39,39,21,21,21,21,21,21,21,21,21,21,21,21,21,21,21,21,21,21,21,21,21,21,21,21,21,21,21,21,21,21,21,21,21,21,21,21,21,21,21,21,21,21,21,21,21,21,21,21,21,21,21
21,26,9,21,18,21,2,21,10,18,21,21,18,21,21,2,18,26,3,25,11,18,21,21,21,18,21,21,18,21,25,12,21,11,11,3,18,21,21,18,21,10,3,21,21,9,18,21,39,21,21,21,21,21,21,21,21,21,21,21,21,21,21,21,21,21,21,21,21,21,21,21,21,21,21,21,21,21,21,21,21,21,21,21,21,21,21,21,21,21,21,21,21,21,21,21,21,21,21,21
21,21,21,21,2,21,21,18,21,21,2,21,10,18,26,3,21,2,18,26,3,25,21,21,21,21,21,21,2,18,26,3,26,21,21,3,3,21,21,3,21,21,10,3,21,21,9,39,21,39,21,21,21,21,21,21,21,21,21,21,21,21,21,21,21,21,21,21,21,21,21,21,21,21,21,21,21,21,21,21,21,21,21,21,21,21,21,21,21,21,21,21,21,21,21,21,21,21,21,21
21,21,25,21,21,9,9,21,21,3,21,9,18,25,25,18,21,2,21,10,18,21,21,21,10,3,25,9,21,21,21,18,21,21,18,21,2,22,3,2,22,3,22,3,18,21,21,18,21,9,22,21,39,21,21,21,21,21,21,21,21,21,21,21,21,21,21,21,21,21,21,21,21,21,21,21,21,21,21,21,21,21,21,21,21,21,21,21,21,21,21,21,21,21,21,21,21,21,21,21
21,21,2,2,21,21,3,21,3,21,3,21,2,18,25,25,18,21,2,21,10,18,21,21,18,21,2,21,34,3,21,18,21,10,3,25,9,21,21,21,21,21,21,21,9,9,39,21,39,21,21,21,21,21,21,21,21,21,21,21,21,21,21,21,21,21,21,21,21,21,21,21,21,21,21,21,21,21,21,21,21,21,21,21,21,21,21,21,21,21,21,21,21,21,21,21,21,21,21,21
21,21,21,21,21,21,2,18,26,3,21,9,21,21,21,25,2,21,10,18,25,25,18,21,2,21,11,25,10,21,21,21,21,3,2,21,10,18,21,21,18,21,21,21,3,21,18,21,10,3,21,9,39,21,39,21,21,21,21,21,21,21,21,21,21,21,21,21,21,21,21,21,21,21,21,21,21,21,21,21,21,21,21,21,21,21,21,21,21,21,21,21,21,21,21,21,21,21,21,21
26,18,21,2,21,21,18,21,18,21,9,3,21,9,21,21,9,21,9,3,25,9,21,21,21,21,2,18,21,21,21,18,21,28,20,36,3,21,10,3,21,9,39,39,39,21,21,21,21,21,21,21,21,21,21,21,21,21,21,21,21,21,21,21,21,21,21,21,21,21,21,21,21,21,21,21,21,21,21,21,21,21,21,21,21,21,21,21,21,21,21,21,21,21,21,21,21,21,21,21
21,21,21,2,21,21,21,3,21,9,21,9,21,2,21,10,21,21,21,21,2,2,21,21,21,21,11,3,3,21,10,3,18,25,25,18,21,9,21,9,2,26,21,21,3,21,21,26,21,9,39,39,39,21,21,21,21,21,21,21,21,21,21,21,21,21,21,21,21,21,21,21,21,21,21,21,21,21,21,21,21,21,21,21,21,21,21,21,21,21,21,21,21,21,21,21,21,21,21,21
21,26,21,21,21,21,3,21,21,21,3,21,2,25,25,18,21,21,25,23,31,21,2,21,25,4,31,2,18,26,3,29,26,5,31,3,18,21,9,39,39,39,21,21,21,21,21,21,21,21,21,21,21,21,21,21,21,21,21,21,21,21,21,21,21,21,21,21,21,21,21,21,21,21,21,21,21,21,21,21,21,21,21,21,21,21,21,21,21,21,21,21,21,21,21,21,21,21,21,21
21,21,21,25,21,21,21,9,21,2,21,10,21,3,26,3,18,25,25,18,21,9,25,9,21,21,21,2,2,21,2,10,18,21,21,18,21,2,26,3,25,3,21,18,21,10,3,21,21,9,39,21,39,21,21,21,21,21,21,21,21,21,21,21,21,21,21,21,21,21,21,21,21,21,21,21,21,21,21,21,21,21,21,21,21,21,21,21,21,21,21,21,21,21,21,21,21,21,21,21
21,26,21,9,18,21,3,21,2,18,26,3,25,2,18,21,21,21,21,3,21,21,2,21,2,18,26,3,21,10,18,21,3,21,21,21,18,21,21,18,21,11,3,21,21,10,3,21,9,39,39,39,21,21,21,21,21,21,21,21,21,21,21,21,21,21,21,21,21,21,21,21,21,21,21,21,21,21,21,21,21,21,21,21,21,21,21,21,21,21,21,21,21,21,21,21,21,21,21,21
21,26,2,21,3,18,25,25,18,21,2,21,10,18,21,21,18,21,2,21,3,2,18,26,3,18,26,3,18,21,21,18,21,10,3,25,9,21,21,21,21,3,2,21,3,21,9,21,21,21,3,21,9,21,21,28,2,18,26,3,2,18,26,3,21,9,39,39,39,21,21,21,21,21,21,21,21,21,21,21,21,21,21,21,21,21,21,21,21,21,21,21,21,21,21,21,21,21,21,21
21,21,2,21,3,21,21,18,25,2,2,2,18,26,3,25,21,21,9,21,21,21,3,18,21,10,3,21,21,21,9,21,2,18,26,3,21,21,19,23,31,9,21,3,21,2,21,3,21,39,39,39,21,21,21,21,21,21,21,21,21,21,21,21,21,21,21,21,21,21,21,21,21,21,21,21,21,21,21,21,21,21,21,21,21,21,21,21,21,21,21,21,21,21,21,21,21,21,21,21
21,21,2,21,21,9,18,21,21,2,21,3,25,18,21,9,3,21,9,18,25,25,18,21,2,21,21,19,23,23,31,10,21,21,21,29,21,19,23,31,10,21,2,21,3,2,21,3,21,3,25,9,21,21,21,21,21,3,21,21,21,39,21,39,21,21,21,21,21,21,21,21,21,21,21,21,21,21,21,21,21,21,21,21,21,21,21,21,21,21,21,21,21,21,21,21,21,21,21,21
21,21,21,21,21,21,21,3,21,2,18,21,21,18,21,21,2,18,21,21,18,21,25,9,10,3,25,21,2,18,26,3,21,21,21,2,21,3,18,26,39,39,39,39,21,21,21,21,21,21,21,21,21,21,21,21,21,21,21,21,21,21,21,21,21,21,21,21,21,21,21,21,21,21,21,21,21,21,21,21,21,21,21,21,21,21,21,21,21,21,21,21,21,21,21,21,21,21,21,21
21,21,21,21,21,21,21,3,21,2,18,26,3,21,9,18,21,3,21,21,21,3,3,25,21,2,18,26,3,21,9,21,9,18,21,21,21,21,9,39,21,39,21,21,21,21,21,21,21,21,21,21,21,21,21,21,21,21,21,21,21,21,21,21,21,21,21,21,21,21,21,21,21,21,21,21,21,21,21,21,21,21,21,21,21,21,21,21,21,21,21,21,21,21,21,21,21,21,21,21
21,26,21,9,18,21,21,18,21,21,21,21,2,18,26,3,21,10,18,26,3,25,21,21,21,21,21,2,10,21,10,18,26,3,25,21,21,18,21,9,21,9,9,18,21,21,18,21,21,18,21,9,39,39,39,21,21,21,21,21,21,21,21,21,21,21,21,21,21,21,21,21,21,21,21,21,21,21,21,21,21,21,21,21,21,21,21,21,21,21,21,21,21,21,21,21,21,21,21,21
21,21,2,21,21,2,18,26,3,21,9,18,21,21,2,21,21,21,10,18,21,10,21,21,10,3,28,18,21,9,3,21,9,18,21,29,25,23,31,21,2,18,2,22,3,2,22,3,22,3,18,21,9,39,39,39,21,21,21,21,21,21,21,21,21,21,21,21,21,21,21,21,21,21,21,21,21,21,21,21,21,21,21,21,21,21,21,21,21,21,21,21,21,21,21,21,21,21,21,21
21,21,25,2,21,21,3,25,21,21,21,18,21,21,18,21,9,3,21,2,18,25,25,18,21,2,21,10,21,21,21,21,18,26,3,25,10,3,25,9,21,21,21,21,3,2,21,39,21,39,21,21,21,21,21,21,21,21,21,21,21,21,21,21,21,21,21,21,21,21,21,21,21,21,21,21,21,21,21,21,21,21,21,21,21,21,21,21,21,21,21,21,21,21,21,21,21,21,21,21
21,26,2,21,21,9,9,22,3,2,22,3,22,3,21,9,18,25,25,18,21,2,21,10,18,26,3,25,21,21,21,21,21,10,3,25,9,21,21,21,9,18,21,21,18,21,21,9,39,39,39,21,21,21,21,21,21,21,21,21,21,21,21,21,21,21,21,21,21,21,21,21,21,21,21,21,21,21,21,21,21,21,21,21,21,21,21,21,21,21,21,21,21,21,21,21,21,21,21,21
21,21,21,21,21,21,21,21,25,9,21,2,21,10,21,21,21,18,21,21,26,18,21,21,18,21,21,11,18,25,10,3,18,25,25,18,21,9,25,9,21,21,21,21,3,26,2,21,21,3,21,2,9,21,39,39,39,21,21,21,21,21,21,21,21,21,21,21,21,21,21,21,21,21,21,21,21,21,21,21,21,21,21,21,21,21,21,21,21,21,21,21,21,21,21,21,21,21,21,21
21,21,2,2,21,21,3,9,21,2,21,10,18,21,21,18,21,21,21,21,3,21,18,26,36,3,18,21,10,3,18,25,25,18,21,9,25,9,21,21,21,21,21,3,2,22,3,21,21,3,21,2,21,21,21,39,21,39,21,21,21,21,21,21,21,21,21,21,21,21,21,21,21,21,21,21,21,21,21,21,21,21,21,21,21,21,21,21,21,21,21,21,21,21,21,21,21,21,21,21
21,21,26,21,21,21,21,25,9,21,2,21,10,21,10,18,21,21,18,21,2,18,21,10,22,3,18,25,25,18,21,9,25,9,21,21,21,2,21,2,21,3,18,26,3,21,21,9,3,3,21,9,21,3,21,39,39,39,21,21,21,21,21,21,21,21,21,21,21,21,21,21,21,21,21,21,21,21,21,21,21,21,21,21,21,21,21,21,21,21,21,21,21,21,21,21,21,21,21,21
21,21,21,21,2,21,21,21,21,9,25,9,21,2,21,10,10,18,21,21,18,21,21,18,21,10,3,18,25,25,18,21,9,25,9,21,21,21,2,21,2,2,21,2,18,21,21,2,21,3,18,25,26,10,3,21,21,9,39,21,39,21,21,21,21,21,21,21,21,21,21,21,21,21,21,21,21,21,21,21,21,21,21,21,21,21,21,21,21,21,21,21,21,21,21,21,21,21,21,21
26,18,21,2,21,21,21,9,9,18,21,21,22,3,21,18,21,21,22,3,21,18,21,9,22,3,25,9,18,21,21,25,23,31,21,2,21,9,21,9,18,21,21,21,21,9,39,39,39,21,21,21,21,21,21,21,21,21,21,21,21,21,21,21,21,21,21,21,21,21,21,21,21,21,21,21,21,21,21,21,21,21,21,21,21,21,21,21,21,21,21,21,21,21,21,21,21,21,21,21
21,21,9,18,21,21,25,23,31,21,18,21,9,21,2,18,26,3,25,21,21,21,21,21,21,3,2,21,25,21,2,18,26,3,21,10,18,21,3,21,21,21,21,10,10,3,21,9,39,39,39,21,21,21,21,21,21,21,21,21,21,21,21,21,21,21,21,21,21,21,21,21,21,21,21,21,21,21,21,21,21,21,21,21,21,21,21,21,21,21,21,21,21,21,21,21,21,21,21,21
21,26,9,21,18,21,2,18,21,9,21,2,18,3,2,2,18,21,21,18,21,21,18,21,9,3,25,21,2,18,26,3,21,9,21,21,21,21,3,2,9,39,39,39,21,21,21,21,21,21,21,21,21,21,21,21,21,21,21,21,21,21,21,21,21,21,21,21,21,21,21,21,21,21,21,21,21,21,21,21,21,21,21,21,21,21,21,21,21,21,21,21,21,21,21,21,21,21,21,21
21,21,9,18,21,3,18,21,21,18,21,21,2,21,3,18,21,10,3,21,21,25,25,21,2,18,26,3,21,9,18,21,21,18,21,2,21,10,2,10,22,3,2,22,3,22,3,21,18,21,9,39,39,39,21,21,21,21,21,21,21,21,21,21,21,21,21,21,21,21,21,21,21,21,21,21,21,21,21,21,21,21,21,21,21,21,21,21,21,21,21,21,21,21,21,21,21,21,21,21
26,18,21,2,21,21,21,21,21,21,21,9,9,3,25,21,21,21,21,21,21,25,10,21,21,18,21,21,18,21,21,18,25,10,3,21,9,39,39,39,21,21,21,21,21,21,21,21,21,21,21,21,21,21,21,21,21,21,21,21,21,21,21,21,21,21,21,21,21,21,21,21,21,21,21,21,21,21,21,21,21,21,21,21,21,21,21,21,21,21,21,21,21,21,21,21,21,21,21,21
21,26,2,21,21,9,18,21,21,18,21,21,22,3,21,18,21,9,22,21,9,18,25,25,18,21,2,21,10,18,21,21,18,20,36,3,18,21,29,25,23,31,10,3,25,9,21,21,21,21,21,25,18,21,28,9,39,39,39,21,21,21,21,21,21,21,21,21,21,21,21,21,21,21,21,21,21,21,21,21,21,21,21,21,21,21,21,21,21,21,21,21,21,21,21,21,21,21,21,21
21,21,9,18,21,21,18,21,3,18,21,21,2,21,9,21,2,18,26,3,25,21,21,9,21,21,2,21,2,18,26,3,21,10,18,21,29,25,23,31,21,2,18,21,10,21,21,21,11,3,21,9,39,21,39,21,21,21,21,21,21,21,21,21,21,21,21,21,21,21,21,21,21,21,21,21,21,21,21,21,21,21,21,21,21,21,21,21,21,21,21,21,21,21,21,21,21,21,21,21
21,26,21,21,18,21,21,18,21,21,21,2,18,25,25,21,2,21,2,21,2,18,26,3,25,21,21,11,18,21,3,21,21,21,21,3,18,25,10,3,21,18,21,9,39,21,39,39,39,21,21,21,21,21,21,21,21,21,21,21,21,21,21,21,21,21,21,21,21,21,21,21,21,21,21,21,21,21,21,21,21,21,21,21,21,21,21,21,21,21,21,21,21,21,21,21,21,21,21,21
26,18,21,2,21,21,21,21,21,21,18,21,21,2,18,26,3,21,9,18,21,21,18,21,21,21,21,21,21,18,21,21,10,18,21,9,3,25,9,21,21,21,21,9,39,39,39,21,21,21,21,21,21,21,21,21,21,21,21,21,21,21,21,21,21,21,21,21,21,21,21,21,21,21,21,21,21,21,21,21,21,21,21,21,21,21,21,21,21,21,21,21,21,21,21,21,21,21,21,21
21,26,21,21,21,21,21,3,2,25,3,21,21,2,18,26,3,21,9,18,26,3,25,21,9,9,21,3,2,21,3,21,9,18,21,21,18,21,2,22,3,21,18,21,9,39,39,39,39,21,21,21,21,21,21,21,21,21,21,21,21,21,21,21,21,21,21,21,21,21,21,21,21,21,21,21,21,21,21,21,21,21,21,21,21,21,21,21,21,21,21,21,21,21,21,21,21,21,21,21
21,21,21,2,21,21,21,9,21,21,21,10,18,21,21,18,20,36,3,18,21,21,10,21,3,18,25,25,18,21,9,25,9,21,21,21,21,21,2,21,3,21,9,39,21,39,21,21,21,21,21,21,21,21,21,21,21,21,21,21,21,21,21,21,21,21,21,21,21,21,21,21,21,21,21,21,21,21,21,21,21,21,21,21,21,21,21,21,21,21,21,21,21,21,21,21,21,21,21,21
26,0,9,18,25,21,18,21,21,18,21,21,21,21,21,21,25,25,18,21,21,2,18,26,3,21,12,21,21,21,21,21,26,3,25,21,12,3,21,21,11,3,21,21,3,18,25,9,39,39,39,21,21,21,21,21,21,21,21,21,21,21,21,21,21,21,21,21,21,21,21,21,21,21,21,21,21,21,21,21,21,21,21,21,21,21,21,21,21,21,21,21,21,21,21,21,21,21,21,21
21,21,25,21,21,21,18,25,21,18,21,21,18,21,9,21,25,21,21,2,21,10,21,10,3,18,25,25,18,21,9,25,9,21,21,21,2,21,2,21,3,18,3,21,21,9,39,39,39,21,21,21,21,21,21,21,21,21,21,21,21,21,21,21,21,21,21,21,21,21,21,21,21,21,21,21,21,21,21,21,21,21,21,21,21,21,21,21,21,21,21,21,21,21,21,21,21,21,21,21
26,18,21,2,25,21,21,9,18,21,21,18,21,21,21,34,18,21,21,25,23,31,21,18,21,10,3,21,9,3,21,9,18,21,21,18,21,21,21,21,21,21,18,21,21,21,3,21,10,18,21,9,39,39,39,21,21,21,21,21,21,21,21,21,21,21,21,21,21,21,21,21,21,21,21,21,21,21,21,21,21,21,21,21,21,21,21,21,21,21,21,21,21,21,21,21,21,21,21,21
21,21,2,21,21,9,18,25,25,18,21,2,25,10,21,21,21,21,2,21,10,18,21,21,21,2,21,10,3,25,9,21,21,21,21,21,21,21,2,21,36,3,21,18,25,9,39,21,39,21,21,21,21,21,21,21,21,21,21,21,21,21,21,21,21,21,21,21,21,21,21,21,21,21,21,21,21,21,21,21,21,21,21,21,21,21,21,21,21,21,21,21,21,21,21,21,21,21,21,21
21,21,25,2,21,21,3,21,21,21,18,21,25,2,21,10,18,25,25,18,21,2,21,11,21,21,21,21,11,3,25,10,21,21,21,21,21,21,21,3,21,21,21,10,3,21,21,39,21,39,21,21,21,21,21,21,21,21,21,21,21,21,21,21,21,21,21,21,21,21,21,21,21,21,21,21,21,21,21,21,21,21,21,21,21,21,21,21,21,21,21,21,21,21,21,21,21,21,21,21
21,21,9,9,21,18,21,21,21,3,18,21,25,18,21,2,25,11,21,21,21,21,21,2,21,3,2,18,26,3,18,26,3,21,21,3,25,10,21,21,21,21,21,3,2,21,3,22,3,21,2,18,21,21,18,21,21,18,21,10,21,9,18,26,39,39,39,21,21,21,21,21,21,21,21,21,21,21,21,21,21,21,21,21,21,21,21,21,21,21,21,21,21,21,21,21,21,21,21,21
21,21,21,21,21,21,3,21,21,3,21,25,21,21,21,21,10,21,21,21,2,21,3,25,18,21,10,3,18,25,25,18,21,9,25,9,21,21,21,21,21,21,21,3,21,9,39,21,39,21,21,21,21,21,21,21,21,21,21,21,21,21,21,21,21,21,21,21,21,21,21,21,21,21,21,21,21,21,21,21,21,21,21,21,21,21,21,21,21,21,21,21,21,21,21,21,21,21,21,21
21,21,21,2,18,26,3,29,21,19,19,9,2,21,21,2,18,26,3,2,18,26,3,21,10,18,21,21,18,21,34,22,26,3,26,21,18,21,21,10,3,21,21,21,19,23,23,31,2,21,3,3,21,9,39,39,39,21,21,21,21,21,21,21,21,21,21,21,21,21,21,21,21,21,21,21,21,21,21,21,21,21,21,21,21,21,21,21,21,21,21,21,21,21,21,21,21,21,21,21
21,26,21,21,9,18,21,2,18,26,3,25,21,21,21,21,21,18,21,3,18,21,21,2,21,21,3,18,21,10,3,21,21,21,21,21,9,39,39,39,21,21,21,21,21,21,21,21,21,21,21,21,21,21,21,21,21,21,21,21,21,21,21,21,21,21,21,21,21,21,21,21,21,21,21,21,21,21,21,21,21,21,21,21,21,21,21,21,21,21,21,21,21,21,21,21,21,21,21,21
21,21,21,2,21,21,21,3,21,9,18,25,25,18,21,2,21,10,21,21,25,25,2,21,2,18,26,3,26,21,2,21,3,2,21,3,21,3,21,10,3,25,9,21,21,21,18,21,21,18,21,2,26,21,21,21,10,18,21,9,39,39,39,21,21,21,21,21,21,21,21,21,21,21,21,21,21,21,21,21,21,21,21,21,21,21,21,21,21,21,21,21,21,21,21,21,21,21,21,21
21,21,9,9,21,18,21,2,21,10,18,25,25,18,21,2,21,11,18,21,21,2,21,2,18,26,3,26,21,2,21,3,2,21,3,21,3,21,21,11,3,25,10,21,21,21,21,21,21,21,21,21,10,3,21,21,9,18,39,39,39,21,21,21,21,21,21,21,21,21,21,21,21,21,21,21,21,21,21,21,21,21,21,21,21,21,21,21,21,21,21,21,21,21,21,21,21,21,21,21
21,21,2,2,21,21,21,21,3,25,2,21,10,18,25,25,18,21,2,21,11,11,18,21,21,18,21,21,22,3,21,18,21,11,3,25,10,21,21,21,21,21,21,21,3,25,2,21,2,21,3,28,10,3,21,21,9,18,39,39,39,21,21,21,21,21,21,21,21,21,21,21,21,21,21,21,21,21,21,21,21,21,21,21,21,21,21,21,21,21,21,21,21,21,21,21,21,21,21,21
21,26,21,21,21,26,3,21,21,21,3,2,21,21,21,21,18,21,21,21,21,2,18,26,3,25,21,21,21,3,18,21,21,18,21,21,18,21,3,21,2,21,3,21,3,21,18,21,9,39,39,39,21,21,21,21,21,21,21,21,21,21,21,21,21,21,21,21,21,21,21,21,21,21,21,21,21,21,21,21,21,21,21,21,21,21,21,21,21,21,21,21,21,21,21,21,21,21,21,21
21,21,9,18,21,21,2,18,21,21,18,21,21,21,21,2,18,26,3,25,2,21,26,3,25,21,21,21,21,21,21,21,2,21,3,2,22,3,22,3,21,11,11,3,21,18,21,10,21,9,21,9,21,39,39,39,21,21,21,21,21,21,21,21,21,21,21,21,21,21,21,21,21,21,21,21,21,21,21,21,21,21,21,21,21,21,21,21,21,21,21,21,21,21,21,21,21,21,21,21
21,21,9,18,21,3,21,21,2,21,2,18,26,3,21,10,18,21,21,18,21,21,18,21,21,18,21,21,18,21,11,3,25,18,21,10,3,21,21,21,21,21,21,9,39,39,39,21,21,21,21,21,21,21,21,21,21,21,21,21,21,21,21,21,21,21,21,21,21,21,21,21,21,21,21,21,21,21,21,21,21,21,21,21,21,21,21,21,21,21,21,21,21,21,21,21,21,21,21,21
21,21,9,18,21,21,18,21,2,21,2,2,2,21,2,18,26,3,21,21,21,21,21,21,21,12,2,21,3,21,21,18,26,3,2,18,26,3,21,21,11,3,21,21,18,21,9,39,21,39,21,21,21,21,21,21,21,21,21,21,21,21,21,21,21,21,21,21,21,21,21,21,21,21,21,21,21,21,21,21,21,21,21,21,21,21,21,21,21,21,21,21,21,21,21,21,21,21,21,21
21,26,21,21,21,21,21,21,25,21,2,18,26,3,21,9,21,3,9,18,21,21,18,21,21,21,21,3,21,18,21,9,3,21,2,21,3,2,22,3,22,39,39,39,21,21,21,21,21,21,21,21,21,21,21,21,21,21,21,21,21,21,21,21,21,21,21,21,21,21,21,21,21,21,21,21,21,21,21,21,21,21,21,21,21,21,21,21,21,21,21,21,21,21,21,21,21,21,21,21
21,26,21,9,9,21,18,21,26,3,21,2,21,10,18,21,21,2,25,21,2,18,26,3,21,11,18,21,21,18,21,3,18,21,21,2,21,11,21,3,3,18,21,21,18,21,10,9,39,39,39,21,21,21,21,21,21,21,21,21,21,21,21,21,21,21,21,21,21,21,21,21,21,21,21,21,21,21,21,21,21,21,21,21,21,21,21,21,21,21,21,21,21,21,21,21,21,21,21,21
21,26,21,9,18,21,21,18,18,21,21,2,21,21,2,25,21,21,19,23,31,11,21,21,21,26,3,25,21,21,21,19,23,31,11,21,2,21,18,21,21,21,18,21,9,21,34,39,39,39,21,21,21,21,21,21,21,21,21,21,21,21,21,21,21,21,21,21,21,21,21,21,21,21,21,21,21,21,21,21,21,21,21,21,21,21,21,21,21,21,21,21,21,21,21,21,21,21,21,21
21,21,2,2,21,21,3,21,21,18,21,21,18,21,2,21,10,18,21,21,18,26,21,3,18,21,21,18,21,10,3,25,9,21,21,9,9,21,21,21,21,18,21,9,21,39,39,39,21,21,21,21,21,21,21,21,21,21,21,21,21,21,21,21,21,21,21,21,21,21,21,21,21,21,21,21,21,21,21,21,21,21,21,21,21,21,21,21,21,21,21,21,21,21,21,21,21,21,21,21
21,21,29,2,18,26,3,2,18,26,3,25,21,25,9,21,2,21,10,18,21,21,18,20,36,3,18,21,29,25,23,31,10,3,18,25,25,18,21,9,25,9,21,21,21,2,21,19,23,31,2,21,2,9,18,21,21,18,21,21,9,39,39,39,39,21,21,21,21,21,21,21,21,21,21,21,21,21,21,21,21,21,21,21,21,21,21,21,21,21,21,21,21,21,21,21,21,21,21,21
21,21,21,9,21,21,21,21,21,18,25,25,18,21,2,21,10,10,18,21,21,25,23,31,21,11,18,21,21,18,21,21,18,21,10,11,3,25,9,21,21,21,21,21,2,18,26,3,21,2,21,21,9,21,39,21,39,21,21,21,21,21,21,21,21,21,21,21,21,21,21,21,21,21,21,21,21,21,21,21,21,21,21,21,21,21,21,21,21,21,21,21,21,21,21,21,21,21,21,21
21,21,21,2,2,21,21,25,21,21,18,25,25,18,21,2,21,10,21,21,21,21,18,26,3,25,10,3,25,9,21,21,21,21,21,21,21,21,21,21,21,21,21,3,21,39,39,39,21,21,21,21,21,21,21,21,21,21,21,21,21,21,21,21,21,21,21,21,21,21,21,21,21,21,21,21,21,21,21,21,21,21,21,21,21,21,21,21,21,21,21,21,21,21,21,21,21,21,21,21
21,21,9,21,9,18,21,21,18,21,21,2,25,10,21,21,21,2,21,2,18,25,25,18,21,2,21,12,25,11,21,21,21,21,21,21,18,21,2,22,3,3,21,18,21,11,3,21,21,10,3,18,25,9,39,21,39,21,21,21,21,21,21,21,21,21,21,21,21,21,21,21,21,21,21,21,21,21,21,21,21,21,21,21,21,21,21,21,21,21,21,21,21,21,21,21,21,21,21,21
21,25,21,21,25,2,21,21,25,21,21,25,9,21,2,18,26,3,21,9,18,26,3,25,21,9,18,21,21,18,21,2,21,2,18,3,2,21,3,21,3,21,3,2,22,3,22,3,21,18,21,9,39,39,39,21,21,21,21,21,21,21,21,21,21,21,21,21,21,21,21,21,21,21,21,21,21,21,21,21,21,21,21,21,21,21,21,21,21,21,21,21,21,21,21,21,21,21,21,21
21,21,21,2,21,21,21,21,21,18,25,25,18,21,2,21,21,19,19,23,31,10,21,21,21,29,21,19,23,31,10,21,2,21,3,2,21,3,21,3,25,9,21,21,21,9,9,21,21,21,21,21,3,26,21,2,21,3,21,9,39,21,39,21,21,21,21,21,21,21,21,21,21,21,21,21,21,21,21,21,21,21,21,21,21,21,21,21,21,21,21,21,21,21,21,21,21,21,21,21
21,21,21,21,21,21,3,21,25,21,2,18,21,21,18,21,2,21,21,3,2,18,3,2,22,3,22,3,21,2,21,2,18,3,18,26,3,18,21,9,39,39,39,21,21,21,21,21,21,21,21,21,21,21,21,21,21,21,21,21,21,21,21,21,21,21,21,21,21,21,21,21,21,21,21,21,21,21,21,21,21,21,21,21,21,21,21,21,21,21,21,21,21,21,21,21,21,21,21,21
21,21,2,21,3,21,21,3,21,2,9,21,21,21,18,21,21,18,21,9,3,25,21,2,18,26,3,21,21,21,21,21,21,2,21,2,22,3,2,3,21,9,39,39,39,21,21,21,21,21,21,21,21,21,21,21,21,21,21,21,21,21,21,21,21,21,21,21,21,21,21,21,21,21,21,21,21,21,21,21,21,21,21,21,21,21,21,21,21,21,21,21,21,21,21,21,21,21,21,21
21,21,21,21,21,21,3,21,21,2,21,10,21,21,21,21,18,26,3,25,10,3,18,25,25,18,21,9,25,9,21,3,21,21,21,3,21,21,21,21,21,18,21,21,18,21,9,3,3,26,21,39,39,39,21,21,21,21,21,21,21,21,21,21,21,21,21,21,21,21,21,21,21,21,21,21,21,21,21,21,21,21,21,21,21,21,21,21,21,21,21,21,21,21,21,21,21,21,21,21
21,21,21,21,21,21,21,21,21,9,18,26,3,21,9,21,21,21,2,21,10,18,25,25,18,21,2,21,11,18,21,26,21,2,18,21,11,21,26,21,21,12,3,25,10,21,21,21,21,3,3,21,21,21,21,21,9,39,21,39,21,21,21,21,21,21,21,21,21,21,21,21,21,21,21,21,21,21,21,21,21,21,21,21,21,21,21,21,21,21,21,21,21,21,21,21,21,21,21,21
21,21,2,2,21,21,3,21,21,21,3,21,9,18,25,25,18,21,2,21,10,21,21,21,18,21,21,26,3,3,21,18,21,10,3,21,3,25,9,21,21,21,21,21,21,18,21,2,21,21,3,21,18,21,9,39,21,39,21,21,21,21,21,21,21,21,21,21,21,21,21,21,21,21,21,21,21,21,21,21,21,21,21,21,21,21,21,21,21,21,21,21,21,21,21,21,21,21,21,21
21,21,21,2,21,21,21,3,3,21,9,18,25,25,18,21,2,21,10,18,21,21,18,21,21,21,34,3,21,18,21,10,3,34,3,25,9,21,21,21,21,21,21,21,9,9,21,21,39,39,39,21,21,21,21,21,21,21,21,21,21,21,21,21,21,21,21,21,21,21,21,21,21,21,21,21,21,21,21,21,21,21,21,21,21,21,21,21,21,21,21,21,21,21,21,21,21,21,21,21
26,21,2,18,26,3,21,9,18,21,21,18,21,21,21,25,18,26,3,25,21,21,10,21,21,21,21,18,26,3,21,11,21,21,21,21,26,3,25,21,3,21,21,21,21,3,21,9,39,39,39,21,21,21,21,21,21,21,21,21,21,21,21,21,21,21,21,21,21,21,21,21,21,21,21,21,21,21,21,21,21,21,21,21,21,21,21,21,21,21,21,21,21,21,21,21,21,21,21,21
21,21,2,21,21,2,18,26,3,21,9,21,21,21,18,21,21,25,2,21,21,9,3,21,9,21,21,3,21,21,2,21,21,18,26,3,21,10,21,3,2,21,3,21,3,21,9,39,39,39,21,21,21,21,21,21,21,21,21,21,21,21,21,21,21,21,21,21,21,21,21,21,21,21,21,21,21,21,21,21,21,21,21,21,21,21,21,21,21,21,21,21,21,21,21,21,21,21,21,21
21,21,9,21,21,3,21,21,21,21,21,9,21,2,9,2,18,26,3,25,21,21,21,21,2,21,10,18,21,21,18,21,21,18,21,10,21,0,25,3,21,21,9,39,39,39,21,21,21,21,21,21,21,21,21,21,21,21,21,21,21,21,21,21,21,21,21,21,21,21,21,21,21,21,21,21,21,21,21,21,21,21,21,21,21,21,21,21,21,21,21,21,21,21,21,21,21,21,21,21
21,21,2,2,21,21,3,21,21,21,2,21,10,18,25,25,18,21,2,21,2,2,21,3,2,3,25,10,21,21,21,21,3,2,3,21,21,18,21,21,10,3,21,21,9,3,21,2,18,26,3,26,21,2,21,3,2,21,3,21,39,39,39,21,21,21,21,21,21,21,21,21,21,21,21,21,21,21,21,21,21,21,21,21,21,21,21,21,21,21,21,21,21,21,21,21,21,21,21,21
21,21,9,21,9,18,21,21,18,21,21,18,21,9,21,25,9,21,2,21,10,21,10,18,21,21,18,21,2,21,3,21,2,21,3,18,21,10,3,18,25,25,18,21,9,25,9,21,3,21,21,21,19,23,31,9,21,21,21,26,9,39,39,39,39,21,21,21,21,21,21,21,21,21,21,21,21,21,21,21,21,21,21,21,21,21,21,21,21,21,21,21,21,21,21,21,21,21,21,21
21,21,9,21,21,21,21,21,21,25,2,21,3,21,2,18,25,25,18,21,2,21,11,21,3,2,21,3,21,3,25,10,21,21,21,21,21,21,21,21,21,21,21,10,3,21,21,39,21,39,21,21,21,21,21,21,21,21,21,21,21,21,21,21,21,21,21,21,21,21,21,21,21,21,21,21,21,21,21,21,21,21,21,21,21,21,21,21,21,21,21,21,21,21,21,21,21,21,21,21
21,21,9,18,21,21,18,21,2,18,21,21,21,21,2,18,26,3,21,2,18,26,3,25,21,21,21,21,2,21,2,18,3,21,3,18,3,2,22,3,22,3,21,21,10,3,21,18,21,3,18,21,9,39,39,39,21,21,21,21,21,21,21,21,21,21,21,21,21,21,21,21,21,21,21,21,21,21,21,21,21,21,21,21,21,21,21,21,21,21,21,21,21,21,21,21,21,21,21,21
26,25,9,25,18,21,21,21,2,18,26,3,25,21,21,21,21,21,21,10,21,21,2,21,21,18,21,21,18,21,21,22,3,21,18,25,10,3,21,11,3,21,18,25,9,21,21,39,39,21,21,21,21,21,21,21,21,21,21,21,21,21,21,21,21,21,21,21,21,21,21,21,21,21,21,21,21,21,21,21,21,21,21,21,21,21,21,21,21,21,21,21,21,21,21,21,21,21,21,21
21,21,21,21,21,21,21,21,21,3,21,25,9,21,2,21,10,10,21,21,21,21,10,18,26,3,18,25,25,18,21,9,25,9,21,3,9,18,21,21,18,21,3,18,21,21,18,21,9,3,21,9,21,21,9,39,21,39,21,21,21,21,21,21,21,21,21,21,21,21,21,21,21,21,21,21,21,21,21,21,21,21,21,21,21,21,21,21,21,21,21,21,21,21,21,21,21,21,21,21
21,21,9,21,9,18,21,21,18,21,2,21,2,3,21,18,21,21,2,18,26,3,25,2,18,26,3,25,21,21,3,21,21,21,3,21,10,21,3,18,26,3,18,21,9,39,21,39,21,21,21,21,21,21,21,21,21,21,21,21,21,21,21,21,21,21,21,21,21,21,21,21,21,21,21,21,21,21,21,21,21,21,21,21,21,21,21,21,21,21,21,21,21,21,21,21,21,21,21,21
21,21,9,18,21,21,2,21,2,18,3,2,22,3,22,3,18,21,21,2,25,21,2,21,19,23,31,2,21,21,21,21,10,21,2,18,26,3,21,10,21,3,2,21,3,22,3,18,25,9,39,39,39,21,21,21,21,21,21,21,21,21,21,21,21,21,21,21,21,21,21,21,21,21,21,21,21,21,21,21,21,21,21,21,21,21,21,21,21,21,21,21,21,21,21,21,21,21,21,21
21,21,2,2,21,21,3,25,18,21,21,18,21,21,9,3,21,9,18,25,25,18,21,2,21,10,18,21,21,18,20,36,3,18,21,29,18,21,10,3,25,9,21,21,21,21,21,21,2,21,25,9,21,39,21,39,21,21,21,21,21,21,21,21,21,21,21,21,21,21,21,21,21,21,21,21,21,21,21,21,21,21,21,21,21,21,21,21,21,21,21,21,21,21,21,21,21,21,21,21
21,21,2,21,21,9,21,21,3,18,26,3,21,9,18,21,21,18,21,34,3,18,21,28,21,25,23,31,21,18,18,26,3,29,25,23,31,21,10,18,21,9,3,21,21,21,21,9,3,21,2,21,21,9,39,39,39,21,21,21,21,21,21,21,21,21,21,21,21,21,21,21,21,21,21,21,21,21,21,21,21,21,21,21,21,21,21,21,21,21,21,21,21,21,21,21,21,21,21,21
21,26,21,9,18,21,21,21,2,18,26,3,25,21,21,21,3,21,10,18,21,21,2,18,21,21,18,21,21,18,21,11,28,25,23,31,10,3,21,18,21,21,9,39,39,39,21,21,21,21,21,21,21,21,21,21,21,21,21,21,21,21,21,21,21,21,21,21,21,21,21,21,21,21,21,21,21,21,21,21,21,21,21,21,21,21,21,21,21,21,21,21,21,21,21,21,21,21,21,21
21,21,2,2,2,18,26,3,21,9,21,3,2,21,3,21,25,9,21,2,21,10,10,18,21,21,18,21,21,18,21,10,3,18,25,25,18,21,9,25,9,21,21,21,21,2,21,21,21,21,21,2,21,3,21,18,25,10,3,21,9,39,39,39,21,21,21,21,21,21,21,21,21,21,21,21,21,21,21,21,21,21,21,21,21,21,21,21,21,21,21,21,21,21,21,21,21,21,21,21
21,21,26,9,21,21,21,21,21,9,21,2,21,21,2,21,10,21,21,21,21,10,3,18,25,25,18,21,9,25,9,21,3,21,21,9,21,3,2,21,25,39,39,39,21,21,21,21,21,21,21,21,21,21,21,21,21,21,21,21,21,21,21,21,21,21,21,21,21,21,21,21,21,21,21,21,21,21,21,21,21,21,21,21,21,21,21,21,21,21,21,21,21,21,21,21,21,21,21,21
26,18,21,2,25,21,21,21,21,21,18,21,21,21,2,21,10,18,21,9,3,21,9,18,21,21,18,21,2,2,21,10,28,2,21,18,26,3,21,21,21,10,10,3,18,21,9,39,39,39,21,21,21,21,21,21,21,21,21,21,21,21,21,21,21,21,21,21,21,21,21,21,21,21,21,21,21,21,21,21,21,21,21,21,21,21,21,21,21,21,21,21,21,21,21,21,21,21,21,21
21,21,26,21,21,9,18,25,25,18,21,2,25,10,21,21,21,21,21,21,21,21,21,21,11,11,18,21,21,10,3,25,9,21,21,21,18,21,21,18,21,2,2,21,9,26,2,22,3,2,22,3,22,39,39,39,21,21,21,21,21,21,21,21,21,21,21,21,21,21,21,21,21,21,21,21,21,21,21,21,21,21,21,21,21,21,21,21,21,21,21,21,21,21,21,21,21,21,21,21
21,26,21,9,18,21,21,18,21,21,2,18,26,3,21,21,21,21,21,21,21,10,10,21,21,21,21,21,11,11,3,18,21,21,18,21,9,26,21,21,21,21,2,21,3,21,21,9,39,21,39,21,21,21,21,21,21,21,21,21,21,21,21,21,21,21,21,21,21,21,21,21,21,21,21,21,21,21,21,21,21,21,21,21,21,21,21,21,21,21,21,21,21,21,21,21,21,21,21,21
21,21,2,21,21,21,21,21,2,18,26,3,21,2,18,21,21,21,3,21,21,9,21,2,18,26,3,21,9,9,2,18,26,3,21,9,21,3,2,21,3,21,39,39,39,21,21,21,21,21,21,21,21,21,21,21,21,21,21,21,21,21,21,21,21,21,21,21,21,21,21,21,21,21,21,21,21,21,21,21,21,21,21,21,21,21,21,21,21,21,21,21,21,21,21,21,21,21,21,21
21,21,21,21,21,21,18,21,21,2,21,2,21,2,18,26,3,25,21,21,21,3,21,21,18,21,21,18,21,3,18,21,21,2,21,10,26,10,21,3,21,3,25,9,39,39,39,21,21,21,21,21,21,21,21,21,21,21,21,21,21,21,21,21,21,21,21,21,21,21,21,21,21,21,21,21,21,21,21,21,21,21,21,21,21,21,21,21,21,21,21,21,21,21,21,21,21,21,21,21
21,21,2,21,21,21,3,9,21,2,21,10,21,21,21,18,21,21,18,21,10,3,3,18,25,25,18,21,9,25,9,21,21,21,21,21,21,21,21,21,3,21,2,18,26,3,26,21,2,21,3,2,21,3,21,39,39,39,21,21,21,21,21,21,21,21,21,21,21,21,21,21,21,21,21,21,21,21,21,21,21,21,21,21,21,21,21,21,21,21,21,21,21,21,21,21,21,21,21,21
21,26,2,21,21,18,21,25,18,21,2,21,10,10,21,3,2,21,3,21,3,25,9,21,21,21,18,21,21,18,21,2,26,21,21,21,21,10,18,21,9,3,21,9,21,21,25,2,21,2,21,3,2,18,26,3,18,26,3,21,21,9,39,39,39,21,21,21,21,21,21,21,21,21,21,21,21,21,21,21,21,21,21,21,21,21,21,21,21,21,21,21,21,21,21,21,21,21,21,21
21,21,21,9,18,21,21,18,21,2,21,21,21,2,3,18,21,21,21,2,18,26,3,25,21,21,11,18,21,21,18,21,21,2,21,21,3,18,21,11,3,21,21,10,18,21,9,39,21,39,21,21,21,21,21,21,21,21,21,21,21,21,21,21,21,21,21,21,21,21,21,21,21,21,21,21,21,21,21,21,21,21,21,21,21,21,21,21,21,21,21,21,21,21,21,21,21,21,21,21
21,21,21,2,21,21,21,21,21,18,25,25,18,21,2,21,10,21,21,21,2,21,3,18,21,21,18,21,10,3,25,9,21,21,21,21,21,21,21,18,21,9,39,39,39,21,21,21,21,21,21,21,21,21,21,21,21,21,21,21,21,21,21,21,21,21,21,21,21,21,21,21,21,21,21,21,21,21,21,21,21,21,21,21,21,21,21,21,21,21,21,21,21,21,21,21,21,21,21,21
21,21,21,9,21,9,18,21,21,18,21,21,18,21,9,21,25,9,21,2,21,10,21,3,21,3,18,25,25,18,21,9,25,9,21,21,21,2,21,10,2,21,3,2,18,26,3,18,26,3,21,21,9,39,39,39,21,21,21,21,21,21,21,21,21,21,21,21,21,21,21,21,21,21,21,21,21,21,21,21,21,21,21,21,21,21,21,21,21,21,21,21,21,21,21,21,21,21,21,21
21,26,9,21,9,18,25,25,18,21,2,21,10,18,21,21,18,21,21,21,2,18,21,21,18,21,21,22,3,21,18,21,11,3,28,10,3,25,9,21,21,21,21,18,26,3,25,21,2,21,3,2,21,3,21,3,21,9,21,21,21,21,21,39,21,39,21,21,21,21,21,21,21,21,21,21,21,21,21,21,21,21,21,21,21,21,21,21,21,21,21,21,21,21,21,21,21,21,21,21
21,21,21,21,21,21,21,2,21,10,18,25,25,18,21,2,29,21,19,19,23,31,11,21,21,21,29,21,19,23,31,11,21,2,21,3,2,21,3,21,3,25,10,21,21,21,19,23,31,10,21,21,21,29,21,19,23,31,10,21,26,21,21,26,9,39,39,39,21,21,21,21,21,21,21,21,21,21,21,21,21,21,21,21,21,21,21,21,21,21,21,21,21,21,21,21,21,21,21,21
21,21,21,29,21,19,19,23,31,9,26,21,26,29,21,19,23,23,31,9,21,21,2,18,26,3,25,21,21,10,10,10,21,21,21,21,10,2,18,26,3,18,26,3,21,9,39,21,21,21,21,21,21,21,21,21,21,21,21,21,21,21,21,21,21,21,21,21,21,21,21,21,21,21,21,21,21,21,21,21,21,21,21,21,21,21,21,21,21,21,21,21,21,21,21,21,21,21,21,21
21,26,2,21,21,18,21,21,2,21,10,18,25,25,18,21,2,21,11,11,21,21,21,21,11,18,26,3,25,10,21,21,21,21,21,21,21,18,21,21,10,3,21,21,9,21,28,2,21,3,2,18,26,3,18,26,39,39,39,21,21,21,21,21,21,21,21,21,21,21,21,21,21,21,21,21,21,21,21,21,21,21,21,21,21,21,21,21,21,21,21,21,21,21,21,21,21,21,21,21
21,21,21,2,21,3,21,21,3,21,21,18,26,3,25,21,21,9,21,25,21,2,18,26,3,21,10,10,21,18,21,21,18,21,3,18,25,10,3,21,21,21,39,21,39,21,21,21,21,21,21,21,21,21,21,21,21,21,21,21,21,21,21,21,21,21,21,21,21,21,21,21,21,21,21,21,21,21,21,21,21,21,21,21,21,21,21,21,21,21,21,21,21,21,21,21,21,21,21,21
21,21,2,9,9,21,18,21,2,21,3,18,25,25,18,21,2,25,11,21,3,21,21,3,21,10,21,21,21,21,21,21,18,21,11,21,3,2,22,3,22,3,18,21,28,10,3,21,2,18,21,21,18,21,21,18,21,10,21,9,18,26,39,39,39,21,21,21,21,21,21,21,21,21,21,21,21,21,21,21,21,21,21,21,21,21,21,21,21,21,21,21,21,21,21,21,21,21,21,21
21,21,25,21,21,18,26,3,21,9,18,21,2,18,26,3,25,21,21,3,21,21,21,21,21,18,21,2,21,25,23,31,21,2,21,21,11,18,21,10,3,21,21,21,21,21,9,39,39,39,21,21,21,21,21,21,21,21,21,21,21,21,21,21,21,21,21,21,21,21,21,21,21,21,21,21,21,21,21,21,21,21,21,21,21,21,21,21,21,21,21,21,21,21,21,21,21,21,21,21
21,26,21,9,18,21,21,18,21,21,21,2,18,21,25,21,2,21,2,21,2,18,26,3,25,2,21,26,3,25,21,21,3,21,21,11,11,18,21,21,21,21,11,3,18,10,3,21,18,21,9,39,39,39,39,21,21,21,21,21,21,21,21,21,21,21,21,21,21,21,21,21,21,21,21,21,21,21,21,21,21,21,21,21,21,21,21,21,21,21,21,21,21,21,21,21,21,21,21,21
21,21,2,21,21,21,2,18,26,3,25,21,21,21,21,21,21,3,21,21,21,21,26,3,21,21,21,10,18,26,3,21,21,3,21,9,18,21,21,18,21,21,18,21,9,39,39,39,21,21,21,21,21,21,21,21,21,21,21,21,21,21,21,21,21,21,21,21,21,21,21,21,21,21,21,21,21,21,21,21,21,21,21,21,21,21,21,21,21,21,21,21,21,21,21,21,21,21,21,21
21,21,2,2,21,21,3,9,21,2,21,10,18,26,3,25,21,21,21,21,21,10,3,18,25,25,18,21,9,25,9,21,21,21,21,2,21,3,21,3,21,3,21,9,3,21,2,18,26,3,26,21,2,21,3,2,21,3,21,39,39,39,21,21,21,21,21,21,21,21,21,21,21,21,21,21,21,21,21,21,21,21,21,21,21,21,21,21,21,21,21,21,21,21,21,21,21,21,21,21
26,18,21,2,21,21,18,21,21,25,21,21,25,10,21,21,21,21,21,18,21,21,18,21,9,3,25,25,18,3,21,21,21,21,36,3,21,10,21,10,39,39,39,21,21,21,21,21,21,21,21,21,21,21,21,21,21,21,21,21,21,21,21,21,21,21,21,21,21,21,21,21,21,21,21,21,21,21,21,21,21,21,21,21,21,21,21,21,21,21,21,21,21,21,21,21,21,21,21,21
21,26,21,9,18,21,21,18,21,2,21,21,21,3,21,2,18,26,3,21,21,10,18,21,21,2,21,11,18,26,3,21,11,21,21,21,21,18,21,11,3,21,21,10,3,21,18,21,9,39,39,39,39,21,21,21,21,21,21,21,21,21,21,21,21,21,21,21,21,21,21,21,21,21,21,21,21,21,21,21,21,21,21,21,21,21,21,21,21,21,21,21,21,21,21,21,21,21,21,21
21,21,21,2,21,21,2,21,10,18,25,25,18,21,2,21,11,21,21,21,18,21,21,18,21,3,25,3,18,21,11,3,25,10,21,21,21,21,21,21,26,21,3,21,21,21,21,3,21,21,26,9,39,39,39,21,21,21,21,21,21,21,21,21,21,21,21,21,21,21,21,21,21,21,21,21,21,21,21,21,21,21,21,21,21,21,21,21,21,21,21,21,21,21,21,21,21,21,21,21
21,21,26,2,21,21,21,2,18,21,9,21,25,10,21,2,21,2,18,21,21,18,21,21,26,21,3,21,3,21,3,21,2,21,21,3,18,21,11,3,18,25,25,18,21,10,25,10,21,21,21,2,2,2,21,3,21,10,3,21,9,18,26,39,39,39,21,21,21,21,21,21,21,21,21,21,21,21,21,21,21,21,21,21,21,21,21,21,21,21,21,21,21,21,21,21,21,21,21,21
21,21,9,18,21,21,2,21,2,21,18,21,2,28,21,21,3,21,21,11,18,21,21,25,23,31,21,18,21,11,3,25,21,10,18,21,9,39,39,39,21,21,21,21,21,21,21,21,21,21,21,21,21,21,21,21,21,21,21,21,21,21,21,21,21,21,21,21,21,21,21,21,21,21,21,21,21,21,21,21,21,21,21,21,21,21,21,21,21,21,21,21,21,21,21,21,21,21,21,21
21,21,25,21,21,21,9,21,21,21,10,21,21,21,2,21,3,18,21,21,18,21,10,3,18,25,25,18,21,9,25,9,21,21,21,21,2,2,21,21,21,21,10,3,21,9,39,39,39,21,21,21,21,21,21,21,21,21,21,21,21,21,21,21,21,21,21,21,21,21,21,21,21,21,21,21,21,21,21,21,21,21,21,21,21,21,21,21,21,21,21,21,21,21,21,21,21,21,21,21
21,21,21,9,21,9,18,21,21,18,21,2,21,25,10,21,2,21,11,21,21,21,21,21,11,3,18,25,25,18,21,10,25,10,21,21,21,21,21,2,21,21,21,10,3,21,18,21,9,26,21,39,39,39,21,21,21,21,21,21,21,21,21,21,21,21,21,21,21,21,21,21,21,21,21,21,21,21,21,21,21,21,21,21,21,21,21,21,21,21,21,21,21,21,21,21,21,21,21,21
21,26,21,9,18,26,3,21,9,18,21,21,18,25,21,3,18,21,21,2,21,2,18,26,3,25,21,10,10,10,18,21,11,22,3,21,21,3,22,3,21,21,21,3,18,21,9,39,39,39,39,39,39,21,21,21,21,21,21,21,21,21,21,21,21,21,21,21,21,21,21,21,21,21,21,21,21,21,21,21,21,21,21,21,21,21,21,21,21,21,21,21,21,21,21,21,21,21,21,21
21,21,9,18,21,21,21,2,18,26,3,25,21,21,21,21,21,21,21,25,21,3,21,21,3,21,3,21,2,18,26,3,21,10,10,21,21,3,21,21,21,3,21,18,25,25,9,39,39,39,21,21,21,21,21,21,21,21,21,21,21,21,21,21,21,21,21,21,21,21,21,21,21,21,21,21,21,21,21,21,21,21,21,21,21,21,21,21,21,21,21,21,21,21,21,21,21,21,21,21
21,21,9,21,9,18,21,21,18,21,2,21,10,18,25,25,18,21,2,25,11,21,21,21,21,18,26,3,2,21,11,3,25,10,21,21,21,29,21,2,18,26,3,21,21,2,21,3,2,21,3,21,3,21,18,21,9,21,21,39,39,39,21,21,21,21,21,21,21,21,21,21,21,21,21,21,21,21,21,21,21,21,21,21,21,21,21,21,21,21,21,21,21,21,21,21,21,21,21,21
21,21,21,9,21,21,2,21,10,18,25,25,18,21,2,21,11,18,21,21,18,21,21,26,21,26,21,12,18,21,11,3,25,10,21,21,21,21,21,3,2,21,3,22,3,21,21,26,21,3,26,9,39,39,39,21,21,21,21,21,21,21,21,21,21,21,21,21,21,21,21,21,21,21,21,21,21,21,21,21,21,21,21,21,21,21,21,21,21,21,21,21,21,21,21,21,21,21,21,21
21,21,9,9,21,18,21,2,21,25,10,21,3,21,10,18,25,25,18,21,2,21,11,18,3,2,21,3,21,3,25,10,21,21,21,10,18,21,21,2,18,21,21,21,21,21,21,11,3,28,10,3,21,18,25,9,39,21,39,21,21,21,21,21,21,21,21,21,21,21,21,21,21,21,21,21,21,21,21,21,21,21,21,21,21,21,21,21,21,21,21,21,21,21,21,21,21,21,21,21
21,21,9,18,21,21,25,23,31,21,2,21,2,18,21,9,21,21,2,18,3,25,2,18,26,3,25,21,21,21,21,21,21,10,21,21,21,21,21,21,3,21,21,10,3,21,21,9,39,39,39,21,21,21,21,21,21,21,21,21,21,21,21,21,21,21,21,21,21,21,21,21,21,21,21,21,21,21,21,21,21,21,21,21,21,21,21,21,21,21,21,21,21,21,21,21,21,21,21,21
21,21,21,2,21,21,21,2,21,10,18,25,25,18,21,2,21,11,11,21,21,21,18,21,21,18,21,11,21,21,3,25,10,21,21,21,21,21,21,21,26,10,3,21,21,9,39,21,39,21,21,21,21,21,21,21,21,21,21,21,21,21,21,21,21,21,21,21,21,21,21,21,21,21,21,21,21,21,21,21,21,21,21,21,21,21,21,21,21,21,21,21,21,21,21,21,21,21,21,21
21,21,21,21,9,21,21,18,21,21,18,21,21,18,21,9,21,2,9,21,2,21,10,21,26,3,25,21,21,21,21,21,10,3,18,25,25,18,21,9,25,9,21,21,21,21,21,9,39,21,39,21,21,21,21,21,21,21,21,21,21,21,21,21,21,21,21,21,21,21,21,21,21,21,21,21,21,21,21,21,21,21,21,21,21,21,21,21,21,21,21,21,21,21,21,21,21,21,21,21
21,21,9,21,9,18,21,21,18,21,21,18,21,9,21,2,21,21,21,21,10,21,3,21,3,18,25,25,18,21,9,25,9,21,21,21,2,2,21,2,25,3,2,3,21,9,39,39,39,21,21,21,21,21,21,21,21,21,21,21,21,21,21,21,21,21,21,21,21,21,21,21,21,21,21,21,21,21,21,21,21,21,21,21,21,21,21,21,21,21,21,21,21,21,21,21,21,21,21,21
21,26,21,21,21,3,21,21,3,21,21,18,3,2,21,2,18,26,3,21,2,18,21,21,21,18,21,21,2,21,11,18,21,21,2,21,3,21,3,2,22,3,22,3,18,25,10,21,9,39,39,39,39,21,21,21,21,21,21,21,21,21,21,21,21,21,21,21,21,21,21,21,21,21,21,21,21,21,21,21,21,21,21,21,21,21,21,21,21,21,21,21,21,21,21,21,21,21,21,21
21,28,21,19,23,31,2,21,25,21,2,18,26,3,21,9,21,18,21,21,18,21,10,18,21,10,3,18,25,28,9,3,25,21,2,18,26,3,21,9,18,21,21,21,21,26,3,25,21,39,21,39,21,21,21,21,21,21,21,21,21,21,21,21,21,21,21,21,21,21,21,21,21,21,21,21,21,21,21,21,21,21,21,21,21,21,21,21,21,21,21,21,21,21,21,21,21,21,21,21
21,21,21,2,21,21,21,21,25,2,21,10,18,25,25,18,21,2,21,11,18,21,21,18,21,21,18,21,11,3,25,10,21,21,21,21,3,2,21,3,21,10,18,21,21,18,21,21,22,3,21,18,21,10,3,21,21,9,18,26,39,39,39,21,21,21,21,21,21,21,21,21,21,21,21,21,21,21,21,21,21,21,21,21,21,21,21,21,21,21,21,21,21,21,21,21,21,21,21,21
21,21,2,21,3,21,21,21,21,21,21,21,25,21,21,9,18,21,21,18,18,21,21,18,21,25,18,21,10,26,9,39,39,39,39,21,21,21,21,21,21,21,21,21,21,21,21,21,21,21,21,21,21,21,21,21,21,21,21,21,21,21,21,21,21,21,21,21,21,21,21,21,21,21,21,21,21,21,21,21,21,21,21,21,21,21,21,21,21,21,21,21,21,21,21,21,21,21,21,21
21,21,2,2,21,21,3,21,21,21,18,21,21,21,21,3,21,18,21,9,3,21,3,21,9,18,25,25,18,21,2,21,10,18,21,21,18,21,21,18,21,3,25,9,21,21,21,19,23,31,9,21,21,21,25,9,39,21,21,21,21,21,21,21,21,21,21,21,21,21,21,21,21,21,21,21,21,21,21,21,21,21,21,21,21,21,21,21,21,21,21,21,21,21,21,21,21,21,21,21
21,21,21,2,21,21,21,9,21,2,21,10,21,21,21,21,10,3,18,25,25,18,21,9,25,9,21,21,21,2,21,2,18,21,21,18,21,2,21,2,25,3,2,26,3,21,18,25,10,3,3,21,21,9,39,39,39,21,21,21,21,21,21,21,21,21,21,21,21,21,21,21,21,21,21,21,21,21,21,21,21,21,21,21,21,21,21,21,21,21,21,21,21,21,21,21,21,21,21,21
26,18,21,2,21,21,21,21,21,21,21,21,21,21,2,21,21,2,18,26,3,21,21,19,19,23,31,10,21,21,2,29,21,19,23,31,10,21,10,2,22,3,2,22,3,22,3,21,18,25,9,39,39,39,21,21,21,21,21,21,21,21,21,21,21,21,21,21,21,21,21,21,21,21,21,21,21,21,21,21,21,21,21,21,21,21,21,21,21,21,21,21,21,21,21,21,21,21,21,21
21,26,21,2,18,26,3,21,21,21,21,21,21,21,2,18,26,3,21,10,18,21,21,18,21,2,21,25,23,31,21,18,18,3,18,25,21,18,18,21,10,3,21,9,39,21,39,21,21,21,21,21,21,21,21,21,21,21,21,21,21,21,21,21,21,21,21,21,21,21,21,21,21,21,21,21,21,21,21,21,21,21,21,21,21,21,21,21,21,21,21,21,21,21,21,21,21,21,21,21
21,21,9,2,21,21,21,2,21,10,18,25,25,18,21,2,21,11,11,21,18,21,21,18,21,21,26,21,3,21,18,21,11,3,25,10,21,21,21,21,21,21,18,21,3,18,25,26,10,21,3,21,21,9,18,39,39,39,21,21,21,21,21,21,21,21,21,21,21,21,21,21,21,21,21,21,21,21,21,21,21,21,21,21,21,21,21,21,21,21,21,21,21,21,21,21,21,21,21,21
21,25,2,21,21,21,2,18,26,3,21,21,21,25,9,21,2,21,10,18,21,21,18,18,21,21,18,21,21,18,21,11,26,10,3,18,25,25,18,21,9,25,9,21,21,21,2,21,21,2,21,3,2,18,26,3,18,26,3,21,21,9,39,39,39,21,21,21,21,21,21,21,21,21,21,21,21,21,21,21,21,21,21,21,21,21,21,21,21,21,21,21,21,21,21,21,21,21,21,21
21,21,2,21,3,21,2,18,26,3,21,21,21,21,21,21,18,21,21,21,18,21,28,25,23,31,10,3,21,9,3,9,18,21,21,18,21,21,18,21,9,3,21,9,9,21,21,21,21,18,25,9,39,39,39,21,21,21,21,21,21,21,21,21,21,21,21,21,21,21,21,21,21,21,21,21,21,21,21,21,21,21,21,21,21,21,21,21,21,21,21,21,21,21,21,21,21,21,21,21
21,21,2,2,21,21,21,0,25,3,21,2,18,26,3,21,9,21,21,21,21,21,21,19,23,23,31,2,21,3,3,21,9,39,21,39,21,21,21,21,21,21,21,21,21,21,21,21,21,21,21,21,21,21,21,21,21,21,21,21,21,21,21,21,21,21,21,21,21,21,21,21,21,21,21,21,21,21,21,21,21,21,21,21,21,21,21,21,21,21,21,21,21,21,21,21,21,21,21,21
21,21,9,21,9,18,26,3,21,21,21,21,21,2,21,10,18,25,25,18,21,2,21,21,11,21,3,2,21,3,21,3,25,10,21,21,21,21,21,21,18,21,3,18,21,21,2,21,10,22,21,3,21,21,9,39,21,39,21,21,21,21,21,21,21,21,21,21,21,21,21,21,21,21,21,21,21,21,21,21,21,21,21,21,21,21,21,21,21,21,21,21,21,21,21,21,21,21,21,21
21,21,2,21,21,21,21,3,2,21,3,21,2,21,21,21,21,21,19,23,31,10,21,21,21,26,10,3,18,25,25,18,21,9,25,9,21,3,3,21,21,21,21,21,9,39,39,39,39,21,21,21,21,21,21,21,21,21,21,21,21,21,21,21,21,21,21,21,21,21,21,21,21,21,21,21,21,21,21,21,21,21,21,21,21,21,21,21,21,21,21,21,21,21,21,21,21,21,21,21
21,21,2,2,21,21,21,21,2,21,10,18,25,25,18,21,2,21,11,18,3,2,21,3,21,3,25,10,21,21,21,10,18,21,21,25,23,31,21,2,21,3,18,21,10,3,21,21,9,18,26,39,39,39,21,21,21,21,21,21,21,21,21,21,21,21,21,21,21,21,21,21,21,21,21,21,21,21,21,21,21,21,21,21,21,21,21,21,21,21,21,21,21,21,21,21,21,21,21,21
21,21,9,21,9,18,21,21,18,21,21,2,25,10,21,21,25,2,21,11,18,25,25,18,21,2,21,21,21,21,21,18,21,21,18,21,12,21,25,11,21,21,21,18,3,2,21,3,21,21,3,21,21,10,3,18,25,9,39,21,39,21,21,21,21,21,21,21,21,21,21,21,21,21,21,21,21,21,21,21,21,21,21,21,21,21,21,21,21,21,21,21,21,21,21,21,21,21,21,21
21,21,9,18,21,21,2,18,26,3,21,10,18,21,21,21,10,3,21,21,21,25,2,21,2,18,26,3,21,10,10,18,21,2,18,26,3,2,18,26,3,21,10,3,21,21,39,39,39,21,21,21,21,21,21,21,21,21,21,21,21,21,21,21,21,21,21,21,21,21,21,21,21,21,21,21,21,21,21,21,21,21,21,21,21,21,21,21,21,21,21,21,21,21,21,21,21,21,21,21
21,21,21,21,2,2,21,2,18,26,3,25,21,21,21,21,21,25,2,21,2,18,26,3,21,11,11,2,18,21,21,18,21,21,18,25,11,3,21,10,3,21,21,9,9,39,39,39,21,21,21,21,21,21,21,21,21,21,21,21,21,21,21,21,21,21,21,21,21,21,21,21,21,21,21,21,21,21,21,21,21,21,21,21,21,21,21,21,21,21,21,21,21,21,21,21,21,21,21,21
21,21,21,2,21,2,18,26,3,21,21,25,9,21,2,21,10,21,21,21,18,21,21,21,3,3,21,18,21,10,3,21,3,18,25,25,18,21,9,25,9,21,21,21,2,2,18,26,3,21,21,21,39,39,39,39,21,21,21,21,21,21,21,21,21,21,21,21,21,21,21,21,21,21,21,21,21,21,21,21,21,21,21,21,21,21,21,21,21,21,21,21,21,21,21,21,21,21,21,21
21,21,21,21,2,21,21,18,21,21,18,21,21,21,25,18,25,25,18,21,2,25,11,21,21,21,21,3,21,21,21,3,21,21,3,25,10,21,21,21,21,26,3,25,21,21,21,21,21,21,10,3,21,18,21,9,26,21,39,39,39,21,21,21,21,21,21,21,21,21,21,21,21,21,21,21,21,21,21,21,21,21,21,21,21,21,21,21,21,21,21,21,21,21,21,21,21,21,21,21
21,21,21,21,21,21,21,3,21,2,2,2,18,26,3,25,21,21,3,21,21,21,3,21,25,21,2,18,26,3,21,9,18,21,21,18,21,21,18,21,21,18,21,9,39,39,39,39,21,21,21,21,21,21,21,21,21,21,21,21,21,21,21,21,21,21,21,21,21,21,21,21,21,21,21,21,21,21,21,21,21,21,21,21,21,21,21,21,21,21,21,21,21,21,21,21,21,21,21,21
21,21,9,18,21,21,18,21,21,21,2,21,26,3,25,21,21,10,21,3,25,25,21,21,3,21,2,18,26,3,21,10,18,21,21,21,3,25,21,2,21,3,18,25,10,3,21,18,21,9,39,39,39,21,21,21,21,21,21,21,21,21,21,21,21,21,21,21,21,21,21,21,21,21,21,21,21,21,21,21,21,21,21,21,21,21,21,21,21,21,21,21,21,21,21,21,21,21,21,21
21,26,9,21,21,21,2,21,10,18,26,3,21,10,10,2,18,26,3,21,21,19,19,23,31,10,21,21,19,23,31,11,21,3,21,3,2,3,26,21,3,21,3,21,3,21,21,9,39,21,39,21,21,21,21,21,21,21,21,21,21,21,21,21,21,21,21,21,21,21,21,21,21,21,21,21,21,21,21,21,21,21,21,21,21,21,21,21,21,21,21,21,21,21,21,21,21,21,21,21
21,21,2,21,3,25,3,21,2,18,26,3,25,21,21,21,21,21,21,25,2,21,25,21,21,21,21,2,18,26,3,21,10,18,21,21,18,21,2,21,3,18,26,3,18,21,21,18,21,10,22,21,9,39,21,39,21,21,21,21,21,21,21,21,21,21,21,21,21,21,21,21,21,21,21,21,21,21,21,21,21,21,21,21,21,21,21,21,21,21,21,21,21,21,21,21,21,21,21,21
21,25,2,21,21,9,21,21,21,21,2,21,10,18,25,25,18,21,2,21,11,21,21,21,2,21,21,18,25,11,3,25,10,21,21,21,21,21,21,18,21,2,21,3,2,3,18,21,28,18,21,10,3,21,9,3,21,2,21,3,2,18,26,3,18,26,39,39,39,21,21,21,21,21,21,21,21,21,21,21,21,21,21,21,21,21,21,21,21,21,21,21,21,21,21,21,21,21,21,21
21,21,26,2,2,18,26,3,21,21,21,21,21,2,21,10,18,25,25,18,21,2,21,21,21,3,2,3,25,10,21,21,21,10,18,26,3,25,21,21,21,21,21,21,10,3,21,21,9,39,21,39,21,21,21,21,21,21,21,21,21,21,21,21,21,21,21,21,21,21,21,21,21,21,21,21,21,21,21,21,21,21,21,21,21,21,21,21,21,21,21,21,21,21,21,21,21,21,21,21
21,21,2,21,21,18,26,3,21,9,18,21,21,18,21,2,28,36,3,21,18,29,3,18,21,9,3,3,21,21,19,23,23,31,9,21,21,21,18,26,3,2,18,26,3,21,29,21,19,23,31,9,21,39,39,39,21,21,21,21,21,21,21,21,21,21,21,21,21,21,21,21,21,21,21,21,21,21,21,21,21,21,21,21,21,21,21,21,21,21,21,21,21,21,21,21,21,21,21,21
21,21,2,2,21,21,3,21,2,18,26,3,21,21,21,21,21,2,21,10,18,25,25,18,21,2,21,21,11,21,21,21,21,11,3,25,10,21,21,21,21,21,21,21,21,21,3,21,21,10,3,21,21,9,39,21,39,21,21,21,21,21,21,21,21,21,21,21,21,21,21,21,21,21,21,21,21,21,21,21,21,21,21,21,21,21,21,21,21,21,21,21,21,21,21,21,21,21,21,21
21,21,9,21,9,18,21,21,18,21,2,21,10,18,25,25,18,21,2,25,11,21,3,21,21,11,21,21,21,21,18,21,11,3,25,10,21,21,21,10,21,21,21,21,26,10,3,21,18,21,9,26,21,39,39,39,21,21,21,21,21,21,21,21,21,21,21,21,21,21,21,21,21,21,21,21,21,21,21,21,21,21,21,21,21,21,21,21,21,21,21,21,21,21,21,21,21,21,21,21
21,21,9,21,21,21,21,21,21,25,2,21,10,18,25,25,18,21,2,21,11,18,21,21,2,21,21,18,25,11,3,25,10,21,21,21,18,21,21,18,21,21,3,2,2,21,3,21,3,18,21,21,18,21,10,3,21,9,39,21,39,21,21,21,21,21,21,21,21,21,21,21,21,21,21,21,21,21,21,21,21,21,21,21,21,21,21,21,21,21,21,21,21,21,21,21,21,21,21,21
21,21,9,21,21,3,21,21,21,21,21,2,21,21,21,21,29,21,19,19,10,2,21,21,21,19,23,31,10,21,26,25,26,3,26,3,26,11,3,21,21,39,39,39,21,21,21,21,21,21,21,21,21,21,21,21,21,21,21,21,21,21,21,21,21,21,21,21,21,21,21,21,21,21,21,21,21,21,21,21,21,21,21,21,21,21,21,21,21,21,21,21,21,21,21,21,21,21,21,21
21,26,21,9,18,21,21,18,21,21,21,18,21,2,18,21,2,25,21,2,11,18,21,21,18,21,21,21,2,12,21,21,21,21,21,3,26,3,21,18,21,11,3,21,10,18,21,9,39,21,39,21,21,21,21,21,21,21,21,21,21,21,21,21,21,21,21,21,21,21,21,21,21,21,21,21,21,21,21,21,21,21,21,21,21,21,21,21,21,21,21,21,21,21,21,21,21,21,21,21
21,21,9,9,2,18,26,3,2,18,26,3,21,21,21,21,21,18,21,21,21,21,21,2,21,2,18,26,3,21,21,21,21,3,3,21,21,21,21,3,21,21,3,21,3,21,21,18,21,9,39,21,39,21,21,21,21,21,21,21,21,21,21,21,21,21,21,21,21,21,21,21,21,21,21,21,21,21,21,21,21,21,21,21,21,21,21,21,21,21,21,21,21,21,21,21,21,21,21,21
21,21,2,21,2,21,21,2,18,26,3,25,21,21,2,18,26,3,25,21,9,9,21,26,3,25,21,9,18,21,21,18,21,2,21,3,21,2,22,3,18,21,9,39,39,39,21,21,21,21,21,21,21,21,21,21,21,21,21,21,21,21,21,21,21,21,21,21,21,21,21,21,21,21,21,21,21,21,21,21,21,21,21,21,21,21,21,21,21,21,21,21,21,21,21,21,21,21,21,21
26,18,21,2,21,21,21,18,21,21,2,21,10,10,18,21,21,18,21,21,10,3,21,21,9,3,21,9,18,21,21,18,21,2,2,21,9,21,21,2,18,26,3,2,18,26,3,21,9,21,21,9,39,39,39,21,21,21,21,21,21,21,21,21,21,21,21,21,21,21,21,21,21,21,21,21,21,21,21,21,21,21,21,21,21,21,21,21,21,21,21,21,21,21,21,21,21,21,21,21
21,26,21,9,18,21,21,18,21,21,2,21,2,18,26,3,25,21,21,10,21,25,21,21,18,21,21,18,21,2,11,3,21,21,21,21,21,10,3,18,21,9,39,39,39,39,39,21,21,21,21,21,21,21,21,21,21,21,21,21,21,21,21,21,21,21,21,21,21,21,21,21,21,21,21,21,21,21,21,21,21,21,21,21,21,21,21,21,21,21,21,21,21,21,21,21,21,21,21,21
21,26,2,21,21,21,2,18,21,21,18,21,2,2,21,25,10,21,2,21,11,21,3,21,21,21,19,23,31,11,21,21,21,26,11,3,18,25,25,18,21,10,21,2,21,3,2,21,3,21,3,18,21,9,39,39,39,21,21,21,21,21,21,21,21,21,21,21,21,21,21,21,21,21,21,21,21,21,21,21,21,21,21,21,21,21,21,21,21,21,21,21,21,21,21,21,21,21,21,21
21,21,2,21,3,2,9,21,21,21,21,21,2,21,2,18,26,3,25,10,18,21,21,11,18,3,2,21,3,21,10,3,21,2,21,26,3,29,25,23,31,21,9,18,26,39,39,39,21,21,21,21,21,21,21,21,21,21,21,21,21,21,21,21,21,21,21,21,21,21,21,21,21,21,21,21,21,21,21,21,21,21,21,21,21,21,21,21,21,21,21,21,21,21,21,21,21,21,21,21
21,21,2,2,2,18,26,3,21,9,21,21,25,2,21,10,18,25,25,18,21,2,21,11,21,21,21,18,21,21,21,3,3,21,18,21,11,3,25,10,21,21,21,21,21,21,3,21,21,21,21,3,21,21,9,39,21,39,21,21,21,21,21,21,21,21,21,21,21,21,21,21,21,21,21,21,21,21,21,21,21,21,21,21,21,21,21,21,21,21,21,21,21,21,21,21,21,21,21,21
21,21,21,21,25,9,22,26,3,25,29,21,19,23,23,31,9,21,21,21,21,19,23,31,2,21,3,21,21,9,9,18,21,9,21,21,21,21,21,9,39,39,39,21,21,21,21,21,21,21,21,21,21,21,21,21,21,21,21,21,21,21,21,21,21,21,21,21,21,21,21,21,21,21,21,21,21,21,21,21,21,21,21,21,21,21,21,21,21,21,21,21,21,21,21,21,21,21,21,21
21,21,21,2,21,2,18,26,3,21,21,21,21,21,2,21,10,18,25,25,18,21,2,21,11,18,21,21,18,21,21,18,21,11,21,3,3,25,10,21,21,21,21,2,18,26,3,21,2,18,21,21,18,21,26,10,3,21,21,9,39,21,39,21,21,21,21,21,21,21,21,21,21,21,21,21,21,21,21,21,21,21,21,21,21,21,21,21,21,21,21,21,21,21,21,21,21,21,21,21
21,21,21,21,21,21,2,18,26,3,21,9,21,21,21,2,21,10,18,25,25,18,21,2,21,11,21,21,21,21,11,3,25,10,21,21,21,10,18,21,21,25,23,31,21,18,21,10,3,21,21,9,39,21,39,21,21,21,21,21,21,21,21,21,21,21,21,21,21,21,21,21,21,21,21,21,21,21,21,21,21,21,21,21,21,21,21,21,21,21,21,21,21,21,21,21,21,21,21,21
21,21,2,2,21,21,3,21,2,18,26,3,21,9,21,21,25,2,21,10,18,25,25,18,21,2,21,11,18,3,2,3,25,10,21,21,21,21,21,21,18,21,2,18,21,10,25,21,21,18,21,21,18,21,3,18,21,21,18,21,10,22,21,21,9,39,21,39,21,21,21,21,21,21,21,21,21,21,21,21,21,21,21,21,21,21,21,21,21,21,21,21,21,21,21,21,21,21,21,21
21,21,21,2,18,26,3,21,9,18,21,29,2,21,10,21,2,21,2,29,21,21,19,23,31,11,21,21,29,21,19,19,23,31,10,21,29,21,19,23,31,11,21,3,21,2,21,3,18,26,3,21,11,3,18,21,9,39,39,39,21,21,21,21,21,21,21,21,21,21,21,21,21,21,21,21,21,21,21,21,21,21,21,21,21,21,21,21,21,21,21,21,21,21,21,21,21,21,21,21
21,26,2,21,21,18,26,3,21,9,9,21,21,21,10,21,10,18,21,21,18,21,21,22,34,3,21,18,21,10,3,18,25,21,18,21,9,25,9,21,21,21,21,21,21,9,3,21,9,21,21,21,21,21,9,39,39,39,21,21,21,21,21,21,21,21,21,21,21,21,21,21,21,21,21,21,21,21,21,21,21,21,21,21,21,21,21,21,21,21,21,21,21,21,21,21,21,21,21,21
21,21,2,2,21,21,3,21,21,21,18,21,21,26,21,3,21,18,21,9,3,21,3,21,2,18,25,25,18,21,2,21,10,21,21,21,21,21,10,3,25,9,21,21,21,21,3,2,21,3,21,26,21,3,2,22,3,22,39,39,39,21,21,21,21,21,21,21,21,21,21,21,21,21,21,21,21,21,21,21,21,21,21,21,21,21,21,21,21,21,21,21,21,21,21,21,21,21,21,21
21,21,21,2,21,21,3,21,21,21,21,2,18,26,3,25,21,21,21,21,25,21,2,18,26,3,29,21,19,19,23,31,10,21,21,21,2,10,21,2,21,3,18,26,3,21,21,21,21,39,39,39,21,21,21,21,21,21,21,21,21,21,21,21,21,21,21,21,21,21,21,21,21,21,21,21,21,21,21,21,21,21,21,21,21,21,21,21,21,21,21,21,21,21,21,21,21,21,21,21
21,29,21,19,19,31,2,21,25,3,2,18,3,22,22,3,22,3,21,21,2,18,26,3,21,9,18,26,3,25,21,21,3,21,21,9,21,3,2,21,3,21,39,39,21,39,21,21,21,21,21,21,21,21,21,21,21,21,21,21,21,21,21,21,21,21,21,21,21,21,21,21,21,21,21,21,21,21,21,21,21,21,21,21,21,21,21,21,21,21,21,21,21,21,21,21,21,21,21,21
21,21,26,2,21,21,18,25,25,18,21,2,21,10,21,21,21,21,10,3,25,9,21,21,21,21,21,21,18,21,3,21,26,3,25,2,3,18,21,21,18,21,9,3,21,9,21,21,21,21,21,9,39,39,39,21,21,21,21,21,21,21,21,21,21,21,21,21,21,21,21,21,21,21,21,21,21,21,21,21,21,21,21,21,21,21,21,21,21,21,21,21,21,21,21,21,21,21,21,21
21,21,2,21,21,9,18,25,25,18,21,2,25,10,21,21,21,19,19,23,31,2,21,3,29,21,19,23,23,31,2,21,3,21,10,3,25,9,21,21,21,21,21,21,18,21,21,2,21,9,21,21,21,18,21,2,21,3,21,18,21,9,21,39,39,39,21,21,21,21,21,21,21,21,21,21,21,21,21,21,21,21,21,21,21,21,21,21,21,21,21,21,21,21,21,21,21,21,21,21
21,21,9,21,9,21,21,21,18,21,3,10,21,2,21,11,21,21,21,2,18,26,3,2,18,26,3,21,11,3,18,25,25,18,21,10,25,2,21,3,21,21,21,10,21,18,21,21,21,10,3,18,21,21,18,21,9,39,39,39,21,21,21,21,21,21,21,21,21,21,21,21,21,21,21,21,21,21,21,21,21,21,21,21,21,21,21,21,21,21,21,21,21,21,21,21,21,21,21,21
21,21,25,21,21,21,26,3,21,21,21,21,21,2,21,10,18,25,25,18,21,2,21,21,11,21,3,2,3,25,10,21,21,21,10,18,21,21,18,21,2,26,21,3,21,18,21,10,3,21,21,9,39,21,39,21,21,21,21,21,21,21,21,21,21,21,21,21,21,21,21,21,21,21,21,21,21,21,21,21,21,21,21,21,21,21,21,21,21,21,21,21,21,21,21,21,21,21,21,21
21,26,9,21,3,18,25,25,18,21,2,21,10,18,21,21,18,21,21,25,23,31,10,3,25,9,21,21,21,21,18,3,2,22,3,21,3,21,9,21,21,28,21,10,18,21,21,21,18,21,25,10,21,39,39,39,21,21,21,21,21,21,21,21,21,21,21,21,21,21,21,21,21,21,21,21,21,21,21,21,21,21,21,21,21,21,21,21,21,21,21,21,21,21,21,21,21,21,21,21
21,26,2,21,21,18,26,3,21,9,21,21,9,18,21,21,18,21,21,21,10,21,21,21,21,18,21,10,3,21,18,21,9,3,21,9,21,21,25,21,10,18,21,21,18,21,21,18,21,10,9,39,39,39,21,21,21,21,21,21,21,21,21,21,21,21,21,21,21,21,21,21,21,21,21,21,21,21,21,21,21,21,21,21,21,21,21,21,21,21,21,21,21,21,21,21,21,21,21,21
21,26,21,9,18,21,21,18,21,2,21,25,18,3,25,21,3,21,21,21,10,10,10,18,21,21,25,23,31,25,18,25,10,3,21,18,21,9,39,39,39,21,21,21,21,21,21,21,21,21,21,21,21,21,21,21,21,21,21,21,21,21,21,21,21,21,21,21,21,21,21,21,21,21,21,21,21,21,21,21,21,21,21,21,21,21,21,21,21,21,21,21,21,21,21,21,21,21,21,21
26,18,21,2,21,21,21,21,18,21,21,18,21,21,25,21,21,10,18,21,21,21,10,3,21,18,21,9,3,25,9,18,26,3,25,21,21,21,21,21,21,21,21,21,21,21,21,39,39,39,21,21,21,21,21,21,21,21,21,21,21,21,21,21,21,21,21,21,21,21,21,21,21,21,21,21,21,21,21,21,21,21,21,21,21,21,21,21,21,21,21,21,21,21,21,21,21,21,21,21
21,28,21,18,26,3,2,21,9,21,21,21,21,2,21,2,18,26,3,21,10,18,21,21,11,18,21,21,21,3,21,21,11,3,22,3,22,3,21,21,9,39,21,39,21,21,21,21,21,21,21,21,21,21,21,21,21,21,21,21,21,21,21,21,21,21,21,21,21,21,21,21,21,21,21,21,21,21,21,21,21,21,21,21,21,21,21,21,21,21,21,21,21,21,21,21,21,21,21,21
21,21,2,21,21,21,2,21,21,9,18,21,21,18,21,21,2,21,9,21,25,9,21,2,21,10,10,21,3,2,21,3,21,3,18,25,25,18,21,9,25,9,21,3,21,21,9,18,21,21,18,21,21,21,2,3,21,18,21,39,21,39,21,21,21,21,21,21,21,21,21,21,21,21,21,21,21,21,21,21,21,21,21,21,21,21,21,21,21,21,21,21,21,21,21,21,21,21,21,21
21,21,26,21,21,9,18,21,21,2,21,10,18,25,25,18,21,2,21,11,21,21,21,18,21,21,21,3,26,11,3,25,10,21,21,21,21,21,3,3,21,10,18,21,21,18,21,21,18,21,10,3,21,9,39,21,39,21,21,21,21,21,21,21,21,21,21,21,21,21,21,21,21,21,21,21,21,21,21,21,21,21,21,21,21,21,21,21,21,21,21,21,21,21,21,21,21,21,21,21
21,21,2,21,21,21,18,26,3,21,9,21,21,9,18,21,21,18,21,2,20,3,21,18,22,34,3,18,21,9,3,21,9,18,21,21,25,23,31,21,18,25,9,39,39,39,21,21,21,21,21,21,21,21,21,21,21,21,21,21,21,21,21,21,21,21,21,21,21,21,21,21,21,21,21,21,21,21,21,21,21,21,21,21,21,21,21,21,21,21,21,21,21,21,21,21,21,21,21,21
21,21,2,2,21,21,21,2,18,26,3,21,21,9,21,2,21,21,21,10,18,21,21,18,21,21,18,21,10,21,21,3,18,25,25,18,21,9,25,9,21,21,21,21,2,21,2,21,26,3,25,21,3,21,9,39,39,39,21,21,21,21,21,21,21,21,21,21,21,21,21,21,21,21,21,21,21,21,21,21,21,21,21,21,21,21,21,21,21,21,21,21,21,21,21,21,21,21,21,21
21,21,9,18,26,3,25,21,21,9,9,21,21,9,21,21,21,18,21,21,21,18,21,28,18,21,10,21,25,4,31,2,18,26,3,29,26,5,31,3,21,9,3,26,3,21,21,21,21,21,21,21,9,39,21,39,21,21,21,21,21,21,21,21,21,21,21,21,21,21,21,21,21,21,21,21,21,21,21,21,21,21,21,21,21,21,21,21,21,21,21,21,21,21,21,21,21,21,21,21
21,21,21,21,21,21,21,21,25,9,21,2,21,10,18,21,29,25,23,31,21,2,18,26,3,21,11,18,21,21,18,21,21,18,21,10,11,3,18,25,25,18,21,9,25,9,21,21,21,21,21,2,2,21,2,21,3,21,9,39,21,39,21,21,21,21,21,21,21,21,21,21,21,21,21,21,21,21,21,21,21,21,21,21,21,21,21,21,21,21,21,21,21,21,21,21,21,21,21,21
21,21,21,2,21,21,21,9,21,2,21,10,21,10,18,21,21,18,21,3,18,21,21,2,21,3,18,21,10,3,18,25,25,18,21,9,25,9,21,21,21,2,21,2,18,21,21,2,21,3,25,18,21,10,3,21,21,9,39,21,39,21,21,21,21,21,21,21,21,21,21,21,21,21,21,21,21,21,21,21,21,21,21,21,21,21,21,21,21,21,21,21,21,21,21,21,21,21,21,21
21,21,2,21,21,2,18,26,3,21,9,18,21,25,18,21,21,9,21,3,21,9,21,21,3,21,21,2,21,2,18,26,3,21,10,18,21,21,18,21,2,22,34,3,28,25,23,31,10,3,21,9,39,39,39,21,21,21,21,21,21,21,21,21,21,21,21,21,21,21,21,21,21,21,21,21,21,21,21,21,21,21,21,21,21,21,21,21,21,21,21,21,21,21,21,21,21,21,21,21
21,21,2,9,18,21,21,21,21,2,18,26,3,25,10,18,3,21,10,18,21,21,18,21,2,21,3,21,18,21,10,3,28,21,18,25,9,39,39,39,21,21,21,21,21,21,21,21,21,21,21,21,21,21,21,21,21,21,21,21,21,21,21,21,21,21,21,21,21,21,21,21,21,21,21,21,21,21,21,21,21,21,21,21,21,21,21,21,21,21,21,21,21,21,21,21,21,21,21,21
21,21,9,18,21,21,18,21,2,18,3,25,3,21,21,21,2,18,21,21,2,21,2,21,18,21,21,21,11,11,11,3,18,21,21,18,21,9,29,25,4,31,2,18,26,3,29,26,5,31,39,39,39,21,21,21,21,21,21,21,21,21,21,21,21,21,21,21,21,21,21,21,21,21,21,21,21,21,21,21,21,21,21,21,21,21,21,21,21,21,21,21,21,21,21,21,21,21,21,21
21,21,21,21,21,21,26,3,25,21,21,21,21,21,25,2,21,10,18,25,25,18,21,2,21,2,21,26,3,25,21,2,21,3,21,3,25,10,21,21,21,21,21,21,21,10,21,2,21,3,18,26,3,21,10,3,21,9,39,39,39,21,21,21,21,21,21,21,21,21,21,21,21,21,21,21,21,21,21,21,21,21,21,21,21,21,21,21,21,21,21,21,21,21,21,21,21,21,21,21
21,21,2,9,18,21,21,21,2,18,26,3,25,21,21,21,21,21,21,25,2,21,21,2,18,26,3,21,21,21,21,21,21,11,3,21,21,21,10,3,21,21,18,21,9,39,39,39,21,21,21,21,21,21,21,21,21,21,21,21,21,21,21,21,21,21,21,21,21,21,21,21,21,21,21,21,21,21,21,21,21,21,21,21,21,21,21,21,21,21,21,21,21,21,21,21,21,21,21,21
21,21,2,2,21,21,3,21,3,21,3,21,9,18,25,25,18,21,2,21,10,18,21,21,18,21,21,26,21,21,26,21,11,18,21,10,3,25,9,21,21,21,19,23,23,31,2,21,3,25,21,21,21,3,21,2,18,26,3,26,21,2,21,3,2,21,3,21,39,39,39,21,21,21,21,21,21,21,21,21,21,21,21,21,21,21,21,21,21,21,21,21,21,21,21,21,21,21,21,21
21,26,9,21,21,18,25,25,18,21,2,21,10,18,21,21,18,21,3,25,18,21,10,3,25,9,21,21,21,29,18,21,21,22,3,21,18,21,21,18,21,9,22,3,21,9,21,21,28,21,9,39,39,39,21,21,21,21,21,21,21,21,21,21,21,21,21,21,21,21,21,21,21,21,21,21,21,21,21,21,21,21,21,21,21,21,21,21,21,21,21,21,21,21,21,21,21,21,21,21
21,21,2,2,2,18,26,3,21,9,21,3,2,21,3,21,25,9,21,2,21,10,18,21,21,18,21,21,18,21,3,18,25,25,18,21,9,25,9,21,21,21,2,21,10,10,18,21,21,18,21,3,3,18,21,21,18,21,10,3,21,21,9,39,21,39,21,21,21,21,21,21,21,21,21,21,21,21,21,21,21,21,21,21,21,21,21,21,21,21,21,21,21,21,21,21,21,21,21,21
21,26,21,9,18,21,21,18,21,21,18,21,9,21,2,18,3,21,25,21,2,18,26,3,21,9,9,2,18,26,3,25,2,21,21,9,39,39,39,21,21,21,21,21,21,21,21,21,21,21,21,21,21,21,21,21,21,21,21,21,21,21,21,21,21,21,21,21,21,21,21,21,21,21,21,21,21,21,21,21,21,21,21,21,21,21,21,21,21,21,21,21,21,21,21,21,21,21,21,21
21,21,28,21,19,19,31,2,21,21,21,2,2,21,3,3,21,2,18,26,3,21,9,18,21,21,18,21,2,2,25,21,21,21,21,21,21,3,21,18,25,10,3,18,21,9,39,39,39,21,21,21,21,21,21,21,21,21,21,21,21,21,21,21,21,21,21,21,21,21,21,21,21,21,21,21,21,21,21,21,21,21,21,21,21,21,21,21,21,21,21,21,21,21,21,21,21,21,21,21
21,21,25,9,21,21,21,29,21,19,23,23,31,9,25,21,2,18,26,3,21,21,21,10,10,21,10,21,26,3,21,21,21,3,21,3,21,9,39,21,39,21,21,21,21,21,21,21,21,21,21,21,21,21,21,21,21,21,21,21,21,21,21,21,21,21,21,21,21,21,21,21,21,21,21,21,21,21,21,21,21,21,21,21,21,21,21,21,21,21,21,21,21,21,21,21,21,21,21,21
26,29,28,2,18,26,3,2,21,21,21,3,25,21,21,9,9,9,18,21,21,18,21,25,9,39,39,39,21,21,21,21,21,21,21,21,21,21,21,21,21,21,21,21,21,21,21,21,21,21,21,21,21,21,21,21,21,21,21,21,21,21,21,21,21,21,21,21,21,21,21,21,21,21,21,21,21,21,21,21,21,21,21,21,21,21,21,21,21,21,21,21,21,21,21,21,21,21,21,21
21,26,2,21,21,21,2,18,21,21,18,21,2,18,21,9,21,2,9,21,2,21,10,10,21,21,21,21,10,18,26,3,18,25,25,18,21,9,25,9,21,21,21,2,2,21,21,2,21,3,2,21,3,21,3,21,9,39,39,39,21,21,21,21,21,21,21,21,21,21,21,21,21,21,21,21,21,21,21,21,21,21,21,21,21,21,21,21,21,21,21,21,21,21,21,21,21,21,21,21
21,21,2,21,21,21,26,3,21,21,21,21,21,2,21,10,18,25,25,18,21,2,21,21,18,3,2,3,3,25,10,21,21,21,21,21,21,18,21,2,18,21,21,2,21,10,26,21,3,21,3,22,3,21,21,9,39,21,39,21,21,21,21,21,21,21,21,21,21,21,21,21,21,21,21,21,21,21,21,21,21,21,21,21,21,21,21,21,21,21,21,21,21,21,21,21,21,21,21,21
21,26,21,9,18,21,21,18,21,21,21,2,2,21,3,21,21,2,18,26,3,25,21,21,21,21,21,2,2,21,21,21,21,3,21,21,21,18,21,21,3,18,21,9,39,21,39,39,39,21,21,21,21,21,21,21,21,21,21,21,21,21,21,21,21,21,21,21,21,21,21,21,21,21,21,21,21,21,21,21,21,21,21,21,21,21,21,21,21,21,21,21,21,21,21,21,21,21,21,21
21,21,2,21,21,2,18,26,3,21,21,21,21,21,21,21,21,2,18,26,3,21,21,2,21,3,2,21,3,21,3,21,9,3,21,9,18,21,21,2,21,3,21,9,9,39,21,39,21,21,21,21,21,21,21,21,21,21,21,21,21,21,21,21,21,21,21,21,21,21,21,21,21,21,21,21,21,21,21,21,21,21,21,21,21,21,21,21,21,21,21,21,21,21,21,21,21,21,21,21
21,21,29,2,18,26,3,2,18,26,3,25,21,25,9,21,2,21,10,21,21,21,19,23,31,2,21,3,26,21,21,19,23,31,2,21,3,21,10,3,18,25,25,18,21,9,21,9,2,26,21,2,21,3,21,3,21,21,26,21,9,39,39,39,21,21,21,21,21,21,21,21,21,21,21,21,21,21,21,21,21,21,21,21,21,21,21,21,21,21,21,21,21,21,21,21,21,21,21,21
21,21,21,21,2,21,21,2,21,21,2,21,11,21,21,21,18,21,21,21,3,3,21,18,21,11,3,18,25,25,18,21,10,25,10,21,3,21,21,21,21,3,21,21,21,9,39,39,39,21,21,21,21,21,21,21,21,21,21,21,21,21,21,21,21,21,21,21,21,21,21,21,21,21,21,21,21,21,21,21,21,21,21,21,21,21,21,21,21,21,21,21,21,21,21,21,21,21,21,21
21,26,2,21,21,21,21,21,9,18,21,21,18,21,21,18,21,9,3,21,9,18,25,25,18,21,2,21,10,21,21,21,21,10,3,25,9,21,21,21,18,21,21,2,21,2,2,22,3,2,22,3,22,3,21,21,39,39,39,21,21,21,21,21,21,21,21,21,21,21,21,21,21,21,21,21,21,21,21,21,21,21,21,21,21,21,21,21,21,21,21,21,21,21,21,21,21,21,21,21
25,0,21,21,9,18,21,21,18,18,21,2,21,18,21,2,18,21,18,21,2,21,21,21,9,18,26,3,25,21,21,21,21,2,21,10,18,21,21,18,21,2,21,34,3,21,18,21,10,3,21,21,9,39,39,39,21,21,21,21,21,21,21,21,21,21,21,21,21,21,21,21,21,21,21,21,21,21,21,21,21,21,21,21,21,21,21,21,21,21,21,21,21,21,21,21,21,21,21,21
21,21,2,21,3,21,21,3,21,2,18,26,3,21,9,9,18,21,21,22,3,2,9,3,25,21,2,18,21,21,18,18,21,21,18,21,21,21,34,3,21,18,21,10,25,9,39,39,39,21,21,21,21,21,21,21,21,21,21,21,21,21,21,21,21,21,21,21,21,21,21,21,21,21,21,21,21,21,21,21,21,21,21,21,21,21,21,21,21,21,21,21,21,21,21,21,21,21,21,21
21,26,9,21,18,21,2,2,21,9,21,2,18,26,3,25,21,21,9,21,2,18,26,3,21,9,9,18,21,21,18,21,21,21,2,21,3,18,26,3,21,18,21,9,39,39,39,21,21,21,21,21,21,21,21,21,21,21,21,21,21,21,21,21,21,21,21,21,21,21,21,21,21,21,21,21,21,21,21,21,21,21,21,21,21,21,21,21,21,21,21,21,21,21,21,21,21,21,21,21
21,21,21,2,9,9,21,2,21,2,21,25,10,21,2,21,21,19,23,31,11,21,21,21,29,21,19,23,31,11,21,26,21,3,18,25,25,18,21,10,25,10,21,21,21,2,21,2,18,26,3,21,21,3,3,21,21,10,3,21,18,21,3,18,25,9,39,21,39,21,21,21,21,21,21,21,21,21,21,21,21,21,21,21,21,21,21,21,21,21,21,21,21,21,21,21,21,21,21,21
21,21,9,2,21,21,21,2,21,10,18,3,21,25,10,21,2,21,11,11,21,3,2,3,18,25,25,18,21,10,25,10,21,21,21,19,23,23,31,2,21,21,21,29,21,19,19,23,11,2,21,3,21,11,3,21,18,9,18,21,39,21,21,21,21,21,21,21,21,21,21,21,21,21,21,21,21,21,21,21,21,21,21,21,21,21,21,21,21,21,21,21,21,21,21,21,21,21,21,21
21,21,2,21,21,2,9,18,26,3,25,21,9,18,21,21,18,21,2,2,21,9,21,21,21,18,21,21,18,21,21,18,21,9,3,21,9,18,21,21,18,21,21,9,39,39,39,21,21,21,21,21,21,21,21,21,21,21,21,21,21,21,21,21,21,21,21,21,21,21,21,21,21,21,21,21,21,21,21,21,21,21,21,21,21,21,21,21,21,21,21,21,21,21,21,21,21,21,21,21
21,26,21,2,18,21,25,21,25,21,21,2,21,11,21,21,21,3,21,21,21,21,3,18,25,10,3,21,21,21,21,39,39,39,21,21,21,21,21,21,21,21,21,21,21,21,21,21,21,21,21,21,21,21,21,21,21,21,21,21,21,21,21,21,21,21,21,21,21,21,21,21,21,21,21,21,21,21,21,21,21,21,21,21,21,21,21,21,21,21,21,21,21,21,21,21,21,21,21,21
21,29,21,19,19,23,31,9,21,21,21,9,21,21,3,21,2,21,2,18,26,3,21,21,9,21,19,23,31,9,21,21,21,19,19,31,2,21,21,2,18,21,21,18,21,21,18,21,10,3,21,9,39,39,39,21,21,21,21,21,21,21,21,21,21,21,21,21,21,21,21,21,21,21,21,21,21,21,21,21,21,21,21,21,21,21,21,21,21,21,21,21,21,21,21,21,21,21,21,21
21,26,21,9,18,21,21,18,21,21,18,21,2,18,26,3,25,10,21,2,2,18,26,3,25,21,2,18,26,3,2,18,26,3,21,10,18,21,21,18,21,2,2,21,10,21,2,18,21,21,18,21,21,18,21,10,3,18,21,9,39,39,39,21,21,21,21,21,21,21,21,21,21,21,21,21,21,21,21,21,21,21,21,21,21,21,21,21,21,21,21,21,21,21,21,21,21,21,21,21
21,21,21,2,21,21,18,21,21,25,2,21,10,18,25,25,18,21,2,21,11,11,25,10,21,21,21,21,21,21,21,11,18,21,21,18,21,21,18,21,11,10,3,21,9,9,39,21,39,21,21,21,21,21,21,21,21,21,21,21,21,21,21,21,21,21,21,21,21,21,21,21,21,21,21,21,21,21,21,21,21,21,21,21,21,21,21,21,21,21,21,21,21,21,21,21,21,21,21,21
21,21,21,9,21,25,2,21,10,18,25,25,18,21,2,21,11,21,11,18,21,21,18,21,2,21,3,21,18,21,11,3,25,10,21,21,21,21,18,21,21,18,21,3,21,3,2,22,3,22,3,18,21,28,18,21,10,3,21,21,26,9,39,39,39,21,21,21,21,21,21,21,21,21,21,21,21,21,21,21,21,21,21,21,21,21,21,21,21,21,21,21,21,21,21,21,21,21,21,21
21,26,21,9,18,21,21,21,2,21,9,21,2,18,26,3,25,21,21,21,21,25,21,2,18,26,3,21,10,18,21,21,2,21,21,21,21,21,9,39,39,39,39,39,21,21,21,21,21,21,21,21,21,21,21,21,21,21,21,21,21,21,21,21,21,21,21,21,21,21,21,21,21,21,21,21,21,21,21,21,21,21,21,21,21,21,21,21,21,21,21,21,21,21,21,21,21,21,21,21
21,21,2,21,3,2,21,3,26,21,21,21,21,21,21,2,18,26,3,25,21,21,21,21,21,18,21,21,25,2,18,26,3,25,21,2,21,21,21,21,11,3,21,18,21,10,3,25,18,25,9,39,39,39,21,21,21,21,21,21,21,21,21,21,21,21,21,21,21,21,21,21,21,21,21,21,21,21,21,21,21,21,21,21,21,21,21,21,21,21,21,21,21,21,21,21,21,21,21,21
21,21,2,21,3,21,21,2,21,3,2,21,3,21,2,21,2,18,26,3,25,9,18,21,21,21,18,21,3,2,2,21,3,21,2,3,18,26,3,18,26,3,21,18,25,9,39,39,39,21,21,21,21,21,21,21,21,21,21,21,21,21,21,21,21,21,21,21,21,21,21,21,21,21,21,21,21,21,21,21,21,21,21,21,21,21,21,21,21,21,21,21,21,21,21,21,21,21,21,21
21,26,2,21,21,18,26,3,21,21,21,21,21,21,21,21,21,3,21,21,10,2,22,3,22,3,21,9,21,3,2,21,3,21,39,39,39,21,21,21,21,21,21,21,21,21,21,21,21,21,21,21,21,21,21,21,21,21,21,21,21,21,21,21,21,21,21,21,21,21,21,21,21,21,21,21,21,21,21,21,21,21,21,21,21,21,21,21,21,21,21,21,21,21,21,21,21,21,21,21
21,21,21,21,21,21,26,3,25,21,21,21,21,2,2,21,21,21,3,21,21,25,25,21,2,18,26,3,21,9,18,21,10,21,21,21,18,21,21,18,21,21,18,21,10,21,9,39,39,39,39,21,21,21,21,21,21,21,21,21,21,21,21,21,21,21,21,21,21,21,21,21,21,21,21,21,21,21,21,21,21,21,21,21,21,21,21,21,21,21,21,21,21,21,21,21,21,21,21,21
21,21,9,22,3,2,22,3,21,2,18,21,21,18,21,2,2,21,9,21,2,18,26,3,25,21,21,21,21,21,21,21,18,21,21,22,34,3,21,18,21,10,21,9,39,39,39,21,21,21,21,21,21,21,21,21,21,21,21,21,21,21,21,21,21,21,21,21,21,21,21,21,21,21,21,21,21,21,21,21,21,21,21,21,21,21,21,21,21,21,21,21,21,21,21,21,21,21,21,21
21,21,2,18,21,2,18,26,3,21,9,18,21,10,25,3,21,21,21,3,21,9,21,21,25,2,21,2,18,26,3,21,10,21,10,21,3,2,21,3,21,3,21,21,9,39,39,39,21,21,21,21,21,21,21,21,21,21,21,21,21,21,21,21,21,21,21,21,21,21,21,21,21,21,21,21,21,21,21,21,21,21,21,21,21,21,21,21,21,21,21,21,21,21,21,21,21,21,21,21
21,21,2,21,21,21,21,2,25,2,21,10,18,25,25,18,21,2,21,11,11,18,21,21,21,2,21,11,3,25,10,21,21,21,10,2,21,3,2,18,26,3,18,26,3,21,9,39,21,39,21,21,21,21,21,21,21,21,21,21,21,21,21,21,21,21,21,21,21,21,21,21,21,21,21,21,21,21,21,21,21,21,21,21,21,21,21,21,21,21,21,21,21,21,21,21,21,21,21,21
21,21,9,21,9,9,18,25,25,18,21,2,25,10,21,21,21,2,21,2,18,21,21,18,21,21,21,3,21,3,18,26,3,21,18,25,11,3,21,21,10,3,25,9,21,21,21,21,21,21,21,21,21,21,9,39,39,39,21,21,21,21,21,21,21,21,21,21,21,21,21,21,21,21,21,21,21,21,21,21,21,21,21,21,21,21,21,21,21,21,21,21,21,21,21,21,21,21,21,21
21,21,21,2,21,21,21,21,21,18,25,25,18,21,2,21,10,10,21,18,21,2,21,3,21,18,21,10,21,3,25,9,21,21,21,21,21,21,18,21,2,2,21,9,26,21,21,2,22,3,2,22,3,22,39,39,39,21,21,21,21,21,21,21,21,21,21,21,21,21,21,21,21,21,21,21,21,21,21,21,21,21,21,21,21,21,21,21,21,21,21,21,21,21,21,21,21,21,21,21
21,21,9,21,9,18,21,21,21,34,3,21,18,21,21,21,2,21,21,2,21,11,18,25,25,18,21,10,25,10,21,3,21,21,10,10,18,21,21,18,21,21,10,3,21,18,21,9,26,21,39,21,39,21,21,21,21,21,21,21,21,21,21,21,21,21,21,21,21,21,21,21,21,21,21,21,21,21,21,21,21,21,21,21,21,21,21,21,21,21,21,21,21,21,21,21,21,21,21,21
21,21,21,9,9,21,21,21,21,21,25,21,21,2,21,21,18,25,25,18,21,10,25,10,21,21,21,2,21,2,11,18,21,21,18,21,21,18,21,11,3,21,21,10,3,3,21,21,39,21,39,21,21,21,21,21,21,21,21,21,21,21,21,21,21,21,21,21,21,21,21,21,21,21,21,21,21,21,21,21,21,21,21,21,21,21,21,21,21,21,21,21,21,21,21,21,21,21,21,21
26,18,21,2,25,21,9,18,21,21,18,21,21,10,22,3,2,3,21,2,21,9,3,21,9,18,26,3,25,29,21,19,19,31,9,21,29,21,19,23,31,2,21,21,29,21,11,3,2,29,21,19,19,23,31,10,10,39,39,39,21,21,21,21,21,21,21,21,21,21,21,21,21,21,21,21,21,21,21,21,21,21,21,21,21,21,21,21,21,21,21,21,21,21,21,21,21,21,21,21
21,21,21,21,21,21,9,21,21,21,10,18,21,21,18,21,21,21,34,3,21,18,21,10,3,34,3,18,25,25,18,21,9,25,9,21,21,21,2,21,21,21,3,21,21,39,21,39,21,21,21,21,21,21,21,21,21,21,21,21,21,21,21,21,21,21,21,21,21,21,21,21,21,21,21,21,21,21,21,21,21,21,21,21,21,21,21,21,21,21,21,21,21,21,21,21,21,21,21,21
21,21,9,21,9,9,18,25,25,18,21,2,25,10,21,21,21,21,21,3,21,2,21,3,21,21,3,21,10,3,25,9,21,21,21,21,21,21,10,10,9,2,18,26,3,18,26,39,39,39,21,21,21,21,21,21,21,21,21,21,21,21,21,21,21,21,21,21,21,21,21,21,21,21,21,21,21,21,21,21,21,21,21,21,21,21,21,21,21,21,21,21,21,21,21,21,21,21,21,21
21,21,2,2,21,21,18,25,25,18,21,2,21,10,21,21,21,18,21,21,21,21,3,21,18,26,21,3,18,21,10,3,25,9,21,21,21,21,21,21,21,21,9,21,21,28,2,18,26,3,2,18,26,3,21,9,39,39,39,21,21,21,21,21,21,21,21,21,21,21,21,21,21,21,21,21,21,21,21,21,21,21,21,21,21,21,21,21,21,21,21,21,21,21,21,21,21,21,21,21
21,26,2,21,21,21,2,18,26,3,21,21,21,21,21,25,2,21,10,18,25,25,18,21,2,21,11,18,21,21,18,21,21,2,21,0,25,3,18,21,11,3,25,10,21,21,21,18,21,21,18,21,2,21,2,21,3,2,21,3,21,3,28,10,3,21,21,9,39,39,39,21,21,21,21,21,21,21,21,21,21,21,21,21,21,21,21,21,21,21,21,21,21,21,21,21,21,21,21,21
21,21,21,21,21,21,3,21,21,21,3,21,9,18,25,25,18,21,2,21,10,18,21,21,21,2,25,11,21,21,26,21,21,11,3,18,25,10,3,25,9,21,21,21,21,3,2,21,3,21,9,21,3,21,39,39,39,21,21,21,21,21,21,21,21,21,21,21,21,21,21,21,21,21,21,21,21,21,21,21,21,21,21,21,21,21,21,21,21,21,21,21,21,21,21,21,21,21,21,21
21,21,21,21,9,21,21,21,18,21,21,21,2,18,26,3,25,21,21,21,21,21,21,21,18,21,21,18,21,11,21,21,10,3,21,18,21,9,39,39,39,21,21,21,21,21,21,21,21,21,21,21,21,21,21,21,21,21,21,21,21,21,21,21,21,21,21,21,21,21,21,21,21,21,21,21,21,21,21,21,21,21,21,21,21,21,21,21,21,21,21,21,21,21,21,21,21,21,21,21
21,21,2,2,21,21,21,21,2,25,2,21,10,18,25,25,18,21,2,21,11,21,3,2,21,3,21,3,25,10,21,21,21,21,26,3,25,21,10,10,22,3,2,22,3,22,3,21,21,9,18,39,39,39,21,21,21,21,21,21,21,21,21,21,21,21,21,21,21,21,21,21,21,21,21,21,21,21,21,21,21,21,21,21,21,21,21,21,21,21,21,21,21,21,21,21,21,21,21,21
21,21,9,21,9,18,21,10,18,25,25,18,21,2,25,11,21,21,21,21,21,2,21,25,3,21,21,11,3,25,10,21,21,21,21,18,21,21,18,21,21,22,21,21,18,21,10,3,21,21,26,21,9,39,39,39,21,21,21,21,21,21,21,21,21,21,21,21,21,21,21,21,21,21,21,21,21,21,21,21,21,21,21,21,21,21,21,21,21,21,21,21,21,21,21,21,21,21,21,21
21,26,2,2,18,21,21,2,21,21,2,21,9,21,2,18,26,3,25,21,21,19,23,31,9,21,21,25,25,2,21,2,18,26,3,21,10,18,21,21,21,2,21,21,3,21,11,11,3,21,9,39,39,39,21,21,21,21,21,21,21,21,21,21,21,21,21,21,21,21,21,21,21,21,21,21,21,21,21,21,21,21,21,21,21,21,21,21,21,21,21,21,21,21,21,21,21,21,21,21
21,21,9,18,21,21,18,21,21,21,2,18,3,25,2,21,2,18,26,3,21,10,10,10,18,21,21,18,21,2,2,18,21,21,21,36,26,3,26,3,26,3,26,9,39,39,39,39,21,21,21,21,21,21,21,21,21,21,21,21,21,21,21,21,21,21,21,21,21,21,21,21,21,21,21,21,21,21,21,21,21,21,21,21,21,21,21,21,21,21,21,21,21,21,21,21,21,21,21,21
21,21,2,21,3,21,21,3,21,2,18,26,3,21,9,18,21,21,18,18,21,21,21,21,21,21,10,3,28,9,3,25,21,2,18,26,3,21,21,19,23,31,9,21,3,21,39,39,39,21,21,21,21,21,21,21,21,21,21,21,21,21,21,21,21,21,21,21,21,21,21,21,21,21,21,21,21,21,21,21,21,21,21,21,21,21,21,21,21,21,21,21,21,21,21,21,21,21,21,21
21,21,21,2,21,2,18,26,3,21,9,21,21,21,2,21,10,18,25,25,18,21,2,21,11,21,21,21,18,21,21,18,21,11,21,36,3,25,10,21,21,21,21,21,21,3,21,21,9,39,39,39,21,21,21,21,21,21,21,21,21,21,21,21,21,21,21,21,21,21,21,21,21,21,21,21,21,21,21,21,21,21,21,21,21,21,21,21,21,21,21,21,21,21,21,21,21,21,21,21
21,21,9,18,21,21,21,2,2,18,26,3,25,21,21,21,21,11,21,2,18,26,3,21,11,18,21,29,25,23,31,21,18,21,3,3,18,21,11,3,21,21,21,3,28,21,18,25,9,39,39,39,21,21,21,21,21,21,21,21,21,21,21,21,21,21,21,21,21,21,21,21,21,21,21,21,21,21,21,21,21,21,21,21,21,21,21,21,21,21,21,21,21,21,21,21,21,21,21,21
21,21,9,18,21,21,18,21,21,21,2,21,2,18,26,3,21,10,18,21,21,21,3,25,18,21,3,18,21,21,2,21,10,21,34,3,21,18,21,3,18,25,9,39,39,39,21,21,21,21,21,21,21,21,21,21,21,21,21,21,21,21,21,21,21,21,21,21,21,21,21,21,21,21,21,21,21,21,21,21,21,21,21,21,21,21,21,21,21,21,21,21,21,21,21,21,21,21,21,21
21,21,25,21,21,9,18,25,25,18,21,2,25,10,21,21,21,21,2,21,2,21,3,2,18,26,3,18,26,3,21,10,3,25,9,21,21,21,21,21,21,21,3,22,39,39,39,21,21,21,21,21,21,21,21,21,21,21,21,21,21,21,21,21,21,21,21,21,21,21,21,21,21,21,21,21,21,21,21,21,21,21,21,21,21,21,21,21,21,21,21,21,21,21,21,21,21,21,21,21
21,21,21,2,21,2,18,26,3,21,21,21,21,21,25,2,21,10,18,25,25,18,21,2,21,11,18,21,21,18,21,21,26,21,21,26,21,12,18,21,11,3,25,10,21,21,21,21,3,2,21,3,21,2,21,26,3,25,21,3,21,9,39,39,39,21,21,21,21,21,21,21,21,21,21,21,21,21,21,21,21,21,21,21,21,21,21,21,21,21,21,21,21,21,21,21,21,21,21,21
21,21,2,2,21,21,3,21,2,18,21,21,18,21,2,21,25,10,21,2,21,11,18,21,21,18,21,21,2,21,11,3,18,25,25,18,21,10,25,10,21,21,21,19,23,23,31,2,21,3,29,21,19,23,23,31,2,22,3,21,10,3,21,18,25,9,39,39,39,21,21,21,21,21,21,21,21,21,21,21,21,21,21,21,21,21,21,21,21,21,21,21,21,21,21,21,21,21,21,21
21,26,21,9,18,21,21,18,21,2,18,21,9,21,21,21,3,3,25,21,2,18,26,3,21,21,9,18,21,21,18,21,2,2,18,21,9,21,21,2,21,3,21,21,21,18,21,21,9,3,21,10,39,39,39,21,21,21,21,21,21,21,21,21,21,21,21,21,21,21,21,21,21,21,21,21,21,21,21,21,21,21,21,21,21,21,21,21,21,21,21,21,21,21,21,21,21,21,21,21
21,21,2,21,3,2,18,21,21,18,21,21,22,34,25,3,21,18,21,9,3,25,21,2,18,26,3,25,21,21,18,21,21,21,2,21,21,10,3,25,2,21,3,25,18,21,9,39,39,39,21,21,21,21,21,21,21,21,21,21,21,21,21,21,21,21,21,21,21,21,21,21,21,21,21,21,21,21,21,21,21,21,21,21,21,21,21,21,21,21,21,21,21,21,21,21,21,21,21,21
21,21,9,18,21,21,18,21,21,18,25,21,21,21,19,23,23,31,2,21,21,21,21,18,3,2,21,3,21,10,3,18,25,9,39,39,39,39,39,21,21,21,21,21,21,21,21,21,21,21,21,21,21,21,21,21,21,21,21,21,21,21,21,21,21,21,21,21,21,21,21,21,21,21,21,21,21,21,21,21,21,21,21,21,21,21,21,21,21,21,21,21,21,21,21,21,21,21,21,21
21,21,21,21,3,21,2,18,26,3,21,9,21,21,3,3,21,21,21,9,3,25,2,21,21,3,21,2,18,26,3,21,9,18,21,21,21,39,21,3,22,39,39,39,21,21,21,21,21,21,21,21,21,21,21,21,21,21,21,21,21,21,21,21,21,21,21,21,21,21,21,21,21,21,21,21,21,21,21,21,21,21,21,21,21,21,21,21,21,21,21,21,21,21,21,21,21,21,21,21
21,0,21,21,21,21,21,2,25,21,18,21,2,21,21,21,2,18,21,2,2,25,3,21,21,10,3,21,18,21,9,39,39,39,21,21,21,21,21,21,21,21,21,21,21,21,21,21,21,21,21,21,21,21,21,21,21,21,21,21,21,21,21,21,21,21,21,21,21,21,21,21,21,21,21,21,21,21,21,21,21,21,21,21,21,21,21,21,21,21,21,21,21,21,21,21,21,21,21,21
21,21,2,21,3,21,21,2,21,26,3,25,21,21,21,21,21,2,21,21,2,10,18,21,21,18,21,2,2,21,21,21,2,2,0,25,3,18,21,10,3,21,9,39,39,39,21,21,21,21,21,21,21,21,21,21,21,21,21,21,21,21,21,21,21,21,21,21,21,21,21,21,21,21,21,21,21,21,21,21,21,21,21,21,21,21,21,21,21,21,21,21,21,21,21,21,21,21,21,21
21,21,21,21,21,21,21,18,21,21,18,21,2,21,2,18,25,21,21,2,25,21,2,18,26,3,21,11,21,3,2,11,2,21,3,18,26,3,18,25,10,3,21,18,21,9,39,21,39,21,21,21,21,21,21,21,21,21,21,21,21,21,21,21,21,21,21,21,21,21,21,21,21,21,21,21,21,21,21,21,21,21,21,21,21,21,21,21,21,21,21,21,21,21,21,21,21,21,21,21
21,21,25,2,21,21,3,21,3,21,3,21,2,18,25,25,18,21,2,21,10,18,21,21,21,10,3,25,9,21,21,21,21,21,21,18,21,3,18,21,21,18,21,9,39,39,39,21,21,21,21,21,21,21,21,21,21,21,21,21,21,21,21,21,21,21,21,21,21,21,21,21,21,21,21,21,21,21,21,21,21,21,21,21,21,21,21,21,21,21,21,21,21,21,21,21,21,21,21,21
21,28,29,21,19,19,31,2,21,21,21,25,21,26,3,25,21,21,21,3,21,21,21,2,18,26,3,21,9,18,21,21,18,21,2,2,21,9,21,2,2,21,3,21,39,39,39,21,21,21,21,21,21,21,21,21,21,21,21,21,21,21,21,21,21,21,21,21,21,21,21,21,21,21,21,21,21,21,21,21,21,21,21,21,21,21,21,21,21,21,21,21,21,21,21,21,21,21,21,21
21,21,21,21,3,29,21,19,19,23,31,2,21,29,21,21,21,19,23,31,9,25,21,2,9,18,21,21,2,21,21,9,21,9,18,21,21,18,21,21,18,21,9,39,39,39,21,21,21,21,21,21,21,21,21,21,21,21,21,21,21,21,21,21,21,21,21,21,21,21,21,21,21,21,21,21,21,21,21,21,21,21,21,21,21,21,21,21,21,21,21,21,21,21,21,21,21,21,21,21
21,26,2,21,21,18,25,25,18,21,2,21,10,21,21,21,21,25,10,21,2,18,26,3,26,21,2,21,3,2,21,3,21,3,25,9,21,21,21,21,3,2,21,3,21,3,21,9,21,21,21,21,39,21,39,21,21,21,21,21,21,21,21,21,21,21,21,21,21,21,21,21,21,21,21,21,21,21,21,21,21,21,21,21,21,21,21,21,21,21,21,21,21,21,21,21,21,21,21,21
21,21,25,21,21,21,9,21,21,21,21,18,25,25,18,21,2,21,10,18,21,21,21,21,10,3,25,9,21,21,21,18,21,21,18,21,21,2,21,21,3,3,18,21,9,39,39,39,21,21,21,21,21,21,21,21,21,21,21,21,21,21,21,21,21,21,21,21,21,21,21,21,21,21,21,21,21,21,21,21,21,21,21,21,21,21,21,21,21,21,21,21,21,21,21,21,21,21,21,21
21,26,2,21,21,21,2,18,21,21,18,21,2,18,21,9,21,25,9,21,2,21,10,21,21,21,21,21,21,21,3,21,2,11,18,21,21,18,21,21,18,21,11,3,21,21,3,18,25,25,18,21,9,21,2,21,3,2,21,3,21,39,39,39,21,21,21,21,21,21,21,21,21,21,21,21,21,21,21,21,21,21,21,21,21,21,21,21,21,21,21,21,21,21,21,21,21,21,21,21
21,21,2,2,21,21,3,21,2,18,26,3,21,21,18,21,21,18,21,21,25,25,10,21,2,21,11,18,21,21,18,21,21,25,23,31,11,3,18,25,25,18,21,10,25,10,21,21,21,2,21,2,2,2,21,3,2,21,3,21,10,3,21,18,21,9,39,21,39,21,21,21,21,21,21,21,21,21,21,21,21,21,21,21,21,21,21,21,21,21,21,21,21,21,21,21,21,21,21,21
21,21,2,2,21,21,3,21,21,21,2,9,21,2,21,10,10,21,3,2,21,3,21,3,18,25,25,18,21,9,25,9,21,21,21,2,21,10,18,21,21,21,21,21,10,21,11,3,21,21,9,39,39,39,21,21,21,21,21,21,21,21,21,21,21,21,21,21,21,21,21,21,21,21,21,21,21,21,21,21,21,21,21,21,21,21,21,21,21,21,21,21,21,21,21,21,21,21,21,21
21,21,2,21,21,21,21,25,18,21,21,21,2,21,10,3,21,25,9,21,2,18,26,3,21,21,21,3,2,22,3,22,2,2,39,39,39,21,21,21,21,21,21,21,21,21,21,21,21,21,21,21,21,21,21,21,21,21,21,21,21,21,21,21,21,21,21,21,21,21,21,21,21,21,21,21,21,21,21,21,21,21,21,21,21,21,21,21,21,21,21,21,21,21,21,21,21,21,21,21
21,21,2,21,3,21,21,21,21,26,3,25,21,21,21,21,21,21,2,25,21,21,21,10,21,2,18,26,3,21,9,21,21,21,21,39,21,39,21,21,21,21,21,21,21,21,21,21,21,21,21,21,21,21,21,21,21,21,21,21,21,21,21,21,21,21,21,21,21,21,21,21,21,21,21,21,21,21,21,21,21,21,21,21,21,21,21,21,21,21,21,21,21,21,21,21,21,21,21,21
21,21,21,21,21,21,21,2,18,26,3,21,9,21,21,21,21,3,3,25,21,21,18,26,3,21,21,21,9,9,21,18,21,21,9,9,39,39,39,21,21,21,21,21,21,21,21,21,21,21,21,21,21,21,21,21,21,21,21,21,21,21,21,21,21,21,21,21,21,21,21,21,21,21,21,21,21,21,21,21,21,21,21,21,21,21,21,21,21,21,21,21,21,21,21,21,21,21,21,21
21,25,2,21,21,9,21,26,3,25,21,21,21,21,21,21,9,3,21,9,18,25,25,18,21,2,21,10,21,21,21,18,21,21,21,34,3,21,18,21,10,3,3,25,9,21,21,21,21,21,21,26,21,26,9,39,39,39,39,21,21,21,21,21,21,21,21,21,21,21,21,21,21,21,21,21,21,21,21,21,21,21,21,21,21,21,21,21,21,21,21,21,21,21,21,21,21,21,21,21
21,25,2,21,21,21,21,21,21,21,2,21,21,18,25,9,3,21,9,18,25,25,18,21,2,21,10,21,21,21,18,21,21,3,22,3,22,3,18,21,21,18,21,10,3,25,9,21,21,21,21,21,21,21,39,21,39,21,21,21,21,21,21,21,21,21,21,21,21,21,21,21,21,21,21,21,21,21,21,21,21,21,21,21,21,21,21,21,21,21,21,21,21,21,21,21,21,21,21,21
21,21,21,9,21,21,2,18,26,3,25,29,21,19,23,31,10,21,21,21,19,23,23,31,2,25,25,21,2,18,26,3,21,11,11,21,3,21,2,21,3,2,18,26,3,18,26,3,21,10,3,21,21,21,39,21,39,21,21,21,21,21,21,21,21,21,21,21,21,21,21,21,21,21,21,21,21,21,21,21,21,21,21,21,21,21,21,21,21,21,21,21,21,21,21,21,21,21,21,21
21,21,2,2,21,21,3,21,2,21,18,21,25,2,21,10,18,25,25,18,21,2,21,11,21,21,21,18,21,21,18,21,3,25,3,18,21,11,3,25,10,21,21,21,21,21,21,21,21,10,21,21,21,39,21,39,21,21,21,21,21,21,21,21,21,21,21,21,21,21,21,21,21,21,21,21,21,21,21,21,21,21,21,21,21,21,21,21,21,21,21,21,21,21,21,21,21,21,21,21
26,18,21,2,25,21,21,21,19,19,23,31,9,21,21,21,2,21,2,18,26,3,21,9,18,21,21,21,21,26,3,25,21,21,10,21,21,21,3,21,9,39,21,39,21,21,21,21,21,21,21,21,21,21,21,21,21,21,21,21,21,21,21,21,21,21,21,21,21,21,21,21,21,21,21,21,21,21,21,21,21,21,21,21,21,21,21,21,21,21,21,21,21,21,21,21,21,21,21,21
21,21,25,2,21,21,3,21,2,18,26,3,21,9,9,9,18,21,3,21,21,9,3,21,2,18,26,3,21,9,18,21,21,25,3,21,21,21,21,21,9,39,21,39,21,21,21,21,21,21,21,21,21,21,21,21,21,21,21,21,21,21,21,21,21,21,21,21,21,21,21,21,21,21,21,21,21,21,21,21,21,21,21,21,21,21,21,21,21,21,21,21,21,21,21,21,21,21,21,21
21,21,9,21,21,21,25,9,21,2,21,10,21,21,21,2,21,2,18,21,21,18,21,21,18,21,21,18,21,11,21,21,21,10,3,18,25,25,18,21,9,21,2,21,3,2,21,3,21,39,39,39,21,21,21,21,21,21,21,21,21,21,21,21,21,21,21,21,21,21,21,21,21,21,21,21,21,21,21,21,21,21,21,21,21,21,21,21,21,21,21,21,21,21,21,21,21,21,21,21
21,21,9,9,2,18,26,3,2,18,26,3,21,21,21,21,25,2,21,10,18,25,25,18,21,2,21,11,18,21,21,18,21,21,25,23,31,11,3,25,10,21,21,21,21,3,2,21,3,21,21,21,21,21,21,3,26,21,2,21,3,21,10,3,21,9,39,39,39,21,21,21,21,21,21,21,21,21,21,21,21,21,21,21,21,21,21,21,21,21,21,21,21,21,21,21,21,21,21,21
21,21,9,18,21,21,18,21,21,21,21,21,2,21,2,18,26,3,25,21,21,21,21,2,21,2,21,2,18,26,3,21,2,2,21,2,21,3,21,3,21,21,3,18,21,9,39,39,39,21,21,21,21,21,21,21,21,21,21,21,21,21,21,21,21,21,21,21,21,21,21,21,21,21,21,21,21,21,21,21,21,21,21,21,21,21,21,21,21,21,21,21,21,21,21,21,21,21,21,21
21,21,9,18,21,21,18,21,21,21,2,18,3,21,2,2,18,26,3,25,21,21,10,21,21,3,21,2,18,26,3,21,21,19,23,23,31,10,21,3,21,2,21,3,21,3,21,18,21,9,39,39,39,21,21,21,21,21,21,21,21,21,21,21,21,21,21,21,21,21,21,21,21,21,21,21,21,21,21,21,21,21,21,21,21,21,21,21,21,21,21,21,21,21,21,21,21,21,21,21
21,21,9,18,21,21,21,21,21,2,18,26,3,25,21,21,21,21,21,21,10,3,21,18,21,3,18,21,21,18,21,2,18,26,3,25,21,21,3,21,21,10,2,2,21,26,3,26,3,18,21,9,39,39,39,21,21,21,21,21,21,21,21,21,21,21,21,21,21,21,21,21,21,21,21,21,21,21,21,21,21,21,21,21,21,21,21,21,21,21,21,21,21,21,21,21,21,21,21,21
21,21,2,21,21,21,26,3,21,9,18,21,25,2,21,10,18,21,21,18,21,21,21,21,2,18,26,3,21,21,21,21,21,21,21,21,21,18,21,21,18,21,21,18,21,12,3,21,3,3,21,21,11,3,21,18,21,10,3,21,18,21,9,39,21,39,21,21,21,21,21,21,21,21,21,21,21,21,21,21,21,21,21,21,21,21,21,21,21,21,21,21,21,21,21,21,21,21,21,21
21,21,2,21,3,2,21,3,21,9,2,18,26,3,21,25,18,21,21,18,21,21,21,21,21,21,21,21,21,2,2,2,3,25,18,25,10,3,21,18,21,9,39,39,39,21,21,21,21,21,21,21,21,21,21,21,21,21,21,21,21,21,21,21,21,21,21,21,21,21,21,21,21,21,21,21,21,21,21,21,21,21,21,21,21,21,21,21,21,21,21,21,21,21,21,21,21,21,21,21
21,21,21,21,21,21,21,2,9,21,21,21,21,19,23,31,10,21,21,21,26,10,3,18,25,25,18,21,9,25,9,21,21,21,21,2,21,3,21,3,21,3,21,9,39,39,39,21,21,21,21,21,21,21,21,21,21,21,21,21,21,21,21,21,21,21,21,21,21,21,21,21,21,21,21,21,21,21,21,21,21,21,21,21,21,21,21,21,21,21,21,21,21,21,21,21,21,21,21,21
21,21,9,21,21,9,21,21,19,23,31,2,21,21,21,2,21,2,18,25,21,18,21,2,21,18,21,21,21,21,21,18,21,21,11,18,25,10,3,21,9,39,39,39,21,21,21,21,21,21,21,21,21,21,21,21,21,21,21,21,21,21,21,21,21,21,21,21,21,21,21,21,21,21,21,21,21,21,21,21,21,21,21,21,21,21,21,21,21,21,21,21,21,21,21,21,21,21,21,21
21,21,2,2,21,21,3,21,21,21,2,9,21,2,21,10,21,21,21,21,10,3,18,25,25,18,21,9,25,9,21,21,21,2,21,10,18,21,21,18,21,3,18,21,21,10,3,21,21,9,39,39,39,21,21,21,21,21,21,21,21,21,21,21,21,21,21,21,21,21,21,21,21,21,21,21,21,21,21,21,21,21,21,21,21,21,21,21,21,21,21,21,21,21,21,21,21,21,21,21
21,21,21,21,21,21,21,21,25,9,21,2,21,10,21,21,21,18,21,21,18,21,10,3,18,25,25,18,21,9,25,9,21,3,21,21,21,21,21,18,21,2,2,21,3,18,21,9,39,39,39,21,21,21,21,21,21,21,21,21,21,21,21,21,21,21,21,21,21,21,21,21,21,21,21,21,21,21,21,21,21,21,21,21,21,21,21,21,21,21,21,21,21,21,21,21,21,21,21,21
21,21,9,18,21,21,21,2,18,26,3,25,21,21,21,21,21,21,21,2,21,2,18,26,3,21,11,11,21,21,21,18,21,21,18,21,11,3,21,10,3,25,18,25,25,9,39,39,39,21,21,21,21,21,21,21,21,21,21,21,21,21,21,21,21,21,21,21,21,21,21,21,21,21,21,21,21,21,21,21,21,21,21,21,21,21,21,21,21,21,21,21,21,21,21,21,21,21,21,21
21,26,21,9,18,21,21,18,21,21,2,21,21,3,18,21,9,21,25,18,26,3,25,21,21,21,21,21,2,21,21,21,18,3,29,25,23,31,21,2,18,26,3,25,25,23,31,10,39,39,39,21,21,21,21,21,21,21,21,21,21,21,21,21,21,21,21,21,21,21,21,21,21,21,21,21,21,21,21,21,21,21,21,21,21,21,21,21,21,21,21,21,21,21,21,21,21,21,21,21
21,21,21,21,21,21,21,21,21,2,21,3,25,18,21,9,3,21,9,18,25,25,18,21,2,21,10,18,21,21,18,21,21,21,36,3,21,18,21,10,3,25,9,21,21,21,21,21,21,21,21,21,9,39,21,39,21,21,21,21,21,21,21,21,21,21,21,21,21,21,21,21,21,21,21,21,21,21,21,21,21,21,21,21,21,21,21,21,21,21,21,21,21,21,21,21,21,21,21,21
21,21,9,18,21,21,21,2,18,26,3,25,21,21,21,21,21,21,2,3,2,21,11,11,18,21,21,18,21,21,18,21,11,3,21,21,10,3,21,18,25,2,21,36,3,21,18,21,9,29,25,4,31,2,18,26,3,29,26,5,31,39,39,39,21,21,21,21,21,21,21,21,21,21,21,21,21,21,21,21,21,21,21,21,21,21,21,21,21,21,21,21,21,21,21,21,21,21,21,21
21,21,2,21,3,21,21,3,21,21,21,21,21,21,21,2,18,26,3,25,21,21,26,3,25,21,21,21,21,21,21,21,21,21,21,3,18,26,3,21,18,25,9,39,39,39,21,21,21,21,21,21,21,21,21,21,21,21,21,21,21,21,21,21,21,21,21,21,21,21,21,21,21,21,21,21,21,21,21,21,21,21,21,21,21,21,21,21,21,21,21,21,21,21,21,21,21,21,21,21
21,21,2,21,21,18,21,2,21,3,21,25,9,21,2,21,10,10,18,21,21,18,21,21,18,21,10,22,21,3,18,25,25,18,21,9,25,9,21,21,29,25,19,19,31,2,21,21,25,2,2,18,26,3,29,21,19,19,31,10,21,9,39,39,39,21,21,21,21,21,21,21,21,21,21,21,21,21,21,21,21,21,21,21,21,21,21,21,21,21,21,21,21,21,21,21,21,21,21,21
21,21,9,18,21,21,21,2,18,26,3,25,21,21,21,21,3,21,21,2,21,2,18,26,3,21,11,11,18,21,3,3,21,21,21,3,21,21,3,21,18,25,21,18,18,21,21,18,21,21,9,10,39,39,39,21,21,21,21,21,21,21,21,21,21,21,21,21,21,21,21,21,21,21,21,21,21,21,21,21,21,21,21,21,21,21,21,21,21,21,21,21,21,21,21,21,21,21,21,21
21,26,21,9,18,21,21,21,3,21,18,21,21,18,21,9,21,2,18,21,21,2,21,2,18,26,3,21,21,21,10,10,21,3,21,2,2,22,3,2,22,3,22,3,21,21,39,39,39,21,21,21,21,21,21,21,21,21,21,21,21,21,21,21,21,21,21,21,21,21,21,21,21,21,21,21,21,21,21,21,21,21,21,21,21,21,21,21,21,21,21,21,21,21,21,21,21,21,21,21
21,21,9,9,21,18,21,2,21,25,18,21,2,21,11,18,25,25,18,21,2,21,21,21,26,3,25,21,2,21,3,21,3,25,11,21,21,21,21,21,21,21,21,11,3,21,21,26,10,3,21,18,25,9,39,21,39,21,21,21,21,21,21,21,21,21,21,21,21,21,21,21,21,21,21,21,21,21,21,21,21,21,21,21,21,21,21,21,21,21,21,21,21,21,21,21,21,21,21,21
21,21,21,21,21,21,3,21,21,3,21,25,9,21,2,21,10,10,18,21,21,21,2,21,10,3,18,25,25,18,21,9,25,9,21,21,21,21,2,21,10,21,2,21,3,2,3,21,9,39,21,39,21,21,21,21,21,21,21,21,21,21,21,21,21,21,21,21,21,21,21,21,21,21,21,21,21,21,21,21,21,21,21,21,21,21,21,21,21,21,21,21,21,21,21,21,21,21,21,21
21,21,25,21,21,18,21,21,2,18,25,25,21,2,21,25,10,21,3,21,2,21,25,25,18,21,2,21,11,25,10,21,21,10,21,21,21,18,21,2,18,21,10,21,3,3,18,25,9,39,39,39,21,21,21,21,21,21,21,21,21,21,21,21,21,21,21,21,21,21,21,21,21,21,21,21,21,21,21,21,21,21,21,21,21,21,21,21,21,21,21,21,21,21,21,21,21,21,21,21
21,21,9,18,21,3,21,21,21,25,2,18,26,3,25,21,21,21,21,25,18,21,21,2,21,21,18,26,3,21,12,12,21,21,21,21,3,21,21,3,21,21,21,3,21,9,39,21,39,21,21,21,21,21,21,21,21,21,21,21,21,21,21,21,21,21,21,21,21,21,21,21,21,21,21,21,21,21,21,21,21,21,21,21,21,21,21,21,21,21,21,21,21,21,21,21,21,21,21,21
21,26,2,21,21,18,25,25,18,21,2,21,10,18,21,21,18,22,34,3,18,21,21,18,21,10,3,25,9,21,21,21,21,21,2,22,3,2,3,21,9,21,21,21,21,9,39,39,39,21,21,21,21,21,21,21,21,21,21,21,21,21,21,21,21,21,21,21,21,21,21,21,21,21,21,21,21,21,21,21,21,21,21,21,21,21,21,21,21,21,21,21,21,21,21,21,21,21,21,21
21,21,9,22,3,2,22,3,21,21,18,21,21,18,21,2,21,2,18,26,3,25,21,21,3,10,21,21,21,18,21,21,10,3,21,21,21,21,10,3,18,21,26,9,39,39,39,21,21,21,21,21,21,21,21,21,21,21,21,21,21,21,21,21,21,21,21,21,21,21,21,21,21,21,21,21,21,21,21,21,21,21,21,21,21,21,21,21,21,21,21,21,21,21,21,21,21,21,21,21
21,21,29,21,19,19,23,31,2,21,2,21,2,21,2,18,26,3,21,21,9,21,3,21,21,3,21,9,18,21,25,21,2,21,2,18,26,3,21,21,2,21,3,2,21,3,21,39,39,39,21,21,21,21,21,21,21,21,21,21,21,21,21,21,21,21,21,21,21,21,21,21,21,21,21,21,21,21,21,21,21,21,21,21,21,21,21,21,21,21,21,21,21,21,21,21,21,21,21,21
21,26,21,9,18,21,21,18,21,2,2,21,10,18,25,25,18,21,11,11,21,21,21,2,21,12,12,18,21,21,18,21,21,22,3,21,18,21,12,3,3,3,21,21,11,3,21,2,18,26,3,18,10,21,3,18,21,9,39,39,39,21,21,21,21,21,21,21,21,21,21,21,21,21,21,21,21,21,21,21,21,21,21,21,21,21,21,21,21,21,21,21,21,21,21,21,21,21,21,21
21,21,2,2,21,21,3,21,2,18,26,3,21,21,21,25,9,21,2,21,10,10,18,21,21,18,21,21,22,3,3,21,18,21,10,3,18,25,25,18,21,9,25,9,21,21,21,2,21,10,21,21,21,21,10,18,26,3,21,21,39,39,39,21,21,21,21,21,21,21,21,21,21,21,21,21,21,21,21,21,21,21,21,21,21,21,21,21,21,21,21,21,21,21,21,21,21,21,21,21
21,21,21,2,2,21,21,21,21,18,25,25,18,21,2,21,10,21,10,3,25,9,21,21,9,21,3,21,9,18,21,21,2,21,2,21,3,28,9,39,39,39,21,21,21,21,21,21,21,21,21,21,21,21,21,21,21,21,21,21,21,21,21,21,21,21,21,21,21,21,21,21,21,21,21,21,21,21,21,21,21,21,21,21,21,21,21,21,21,21,21,21,21,21,21,21,21,21,21,21
21,21,2,21,21,21,18,25,25,18,21,2,25,10,21,21,21,19,23,31,2,21,3,26,29,21,19,23,31,2,21,3,21,10,3,25,9,21,21,21,9,21,19,19,23,31,9,25,21,2,18,26,3,25,21,9,18,26,39,39,39,21,21,21,21,21,21,21,21,21,21,21,21,21,21,21,21,21,21,21,21,21,21,21,21,21,21,21,21,21,21,21,21,21,21,21,21,21,21,21
21,21,2,2,21,21,3,21,2,18,21,21,18,21,2,21,25,10,21,2,21,11,18,21,21,18,21,21,18,21,11,3,18,25,25,18,21,10,25,10,21,21,21,2,21,2,21,3,2,18,26,3,18,26,3,21,21,10,3,21,18,25,9,39,21,39,21,21,21,21,21,21,21,21,21,21,21,21,21,21,21,21,21,21,21,21,21,21,21,21,21,21,21,21,21,21,21,21,21,21
21,26,28,2,18,26,3,2,18,26,3,25,21,21,3,21,21,21,21,25,2,21,10,18,25,25,18,21,2,21,11,21,26,3,25,21,2,21,3,21,3,25,10,21,21,21,10,18,21,21,18,21,3,18,21,21,2,22,3,18,21,10,3,21,21,9,39,21,39,21,21,21,21,21,21,21,21,21,21,21,21,21,21,21,21,21,21,21,21,21,21,21,21,21,21,21,21,21,21,21
21,21,21,21,21,21,26,3,25,21,21,21,21,21,2,21,10,18,25,25,18,21,2,21,11,18,21,21,18,21,21,21,3,3,21,18,21,11,3,3,25,10,21,21,21,21,21,26,3,21,21,21,10,3,21,21,9,39,21,39,21,21,21,21,21,21,21,21,21,21,21,21,21,21,21,21,21,21,21,21,21,21,21,21,21,21,21,21,21,21,21,21,21,21,21,21,21,21,21,21
21,21,25,2,21,21,18,25,25,18,21,2,21,10,21,21,21,21,10,3,25,9,21,21,21,21,26,3,25,21,9,21,21,21,18,21,21,21,3,21,18,21,9,3,21,9,21,21,21,21,21,9,39,39,39,21,21,21,21,21,21,21,21,21,21,21,21,21,21,21,21,21,21,21,21,21,21,21,21,21,21,21,21,21,21,21,21,21,21,21,21,21,21,21,21,21,21,21,21,21
21,26,21,21,21,26,3,21,21,21,21,3,21,2,18,26,3,21,9,21,21,21,18,21,21,21,21,21,18,21,9,3,21,21,39,39,39,21,21,21,21,21,21,21,21,21,21,21,21,21,21,21,21,21,21,21,21,21,21,21,21,21,21,21,21,21,21,21,21,21,21,21,21,21,21,21,21,21,21,21,21,21,21,21,21,21,21,21,21,21,21,21,21,21,21,21,21,21,21,21
21,26,2,21,21,21,2,18,26,3,21,9,21,18,21,21,18,21,21,21,25,21,21,2,21,11,21,21,21,18,21,21,18,25,11,3,18,25,25,18,21,10,25,10,21,3,21,21,10,21,21,21,21,18,21,10,3,21,18,21,9,39,39,39,21,21,21,21,21,21,21,21,21,21,21,21,21,21,21,21,21,21,21,21,21,21,21,21,21,21,21,21,21,21,21,21,21,21,21,21
21,21,2,9,18,21,21,21,21,21,18,26,3,25,21,21,21,21,18,21,21,18,21,21,18,21,11,3,21,21,9,18,21,21,18,21,21,18,21,2,22,3,18,26,3,18,21,11,3,21,21,9,3,21,10,39,39,39,21,21,21,21,21,21,21,21,21,21,21,21,21,21,21,21,21,21,21,21,21,21,21,21,21,21,21,21,21,21,21,21,21,21,21,21,21,21,21,21,21,21
21,21,9,9,21,21,18,25,25,18,21,2,21,10,21,21,26,21,11,21,11,18,21,21,18,21,21,18,21,11,3,18,21,10,3,25,9,21,21,21,21,21,21,21,18,21,9,3,21,2,21,3,21,39,39,39,21,21,21,21,21,21,21,21,21,21,21,21,21,21,21,21,21,21,21,21,21,21,21,21,21,21,21,21,21,21,21,21,21,21,21,21,21,21,21,21,21,21,21,21
21,21,21,21,21,21,3,21,26,3,25,21,21,21,29,29,21,19,19,23,31,2,21,25,3,21,2,18,26,3,21,9,18,21,3,21,21,21,3,3,21,2,21,21,3,21,39,39,39,21,21,21,21,21,21,21,21,21,21,21,21,21,21,21,21,21,21,21,21,21,21,21,21,21,21,21,21,21,21,21,21,21,21,21,21,21,21,21,21,21,21,21,21,21,21,21,21,21,21,21
21,21,21,21,21,2,21,21,18,21,21,2,21,2,21,21,21,21,21,26,3,25,2,21,21,11,11,21,11,21,3,2,22,3,22,3,21,10,18,26,3,18,21,9,39,39,39,21,21,21,21,21,21,21,21,21,21,21,21,21,21,21,21,21,21,21,21,21,21,21,21,21,21,21,21,21,21,21,21,21,21,21,21,21,21,21,21,21,21,21,21,21,21,21,21,21,21,21,21,21
21,21,2,21,21,21,21,21,21,18,21,21,18,21,9,3,21,9,18,21,25,2,21,2,18,25,25,18,21,2,21,21,11,21,3,2,21,3,21,3,25,10,21,21,21,21,10,2,21,3,2,18,26,3,18,26,3,21,21,39,39,39,21,21,21,21,21,21,21,21,21,21,21,21,21,21,21,21,21,21,21,21,21,21,21,21,21,21,21,21,21,21,21,21,21,21,21,21,21,21
21,26,21,9,18,21,21,18,21,2,18,25,25,18,21,11,11,21,21,21,21,21,3,11,18,21,21,2,21,3,18,25,28,11,3,21,2,18,26,3,25,10,3,18,21,21,18,26,21,3,18,21,9,26,21,39,39,39,21,21,21,21,21,21,21,21,21,21,21,21,21,21,21,21,21,21,21,21,21,21,21,21,21,21,21,21,21,21,21,21,21,21,21,21,21,21,21,21,21,21
21,26,21,21,21,21,3,2,21,2,18,26,3,25,21,21,9,21,25,21,2,18,26,3,21,10,18,21,21,21,3,21,18,21,21,10,3,21,21,21,39,39,39,21,21,21,21,21,21,21,21,21,21,21,21,21,21,21,21,21,21,21,21,21,21,21,21,21,21,21,21,21,21,21,21,21,21,21,21,21,21,21,21,21,21,21,21,21,21,21,21,21,21,21,21,21,21,21,21,21
21,21,25,2,21,21,3,21,21,21,21,10,21,21,21,18,21,21,18,21,3,18,25,25,18,21,9,25,2,21,3,21,21,9,21,21,21,21,3,21,2,21,21,9,39,21,39,21,21,21,21,21,21,21,21,21,21,21,21,21,21,21,21,21,21,21,21,21,21,21,21,21,21,21,21,21,21,21,21,21,21,21,21,21,21,21,21,21,21,21,21,21,21,21,21,21,21,21,21,21
21,21,21,2,2,2,18,26,3,21,25,21,21,21,21,21,21,3,21,21,3,18,25,25,18,21,9,25,9,21,21,21,21,21,3,21,21,9,39,21,39,21,21,21,21,21,21,21,21,21,21,21,21,21,21,21,21,21,21,21,21,21,21,21,21,21,21,21,21,21,21,21,21,21,21,21,21,21,21,21,21,21,21,21,21,21,21,21,21,21,21,21,21,21,21,21,21,21,21,21
21,21,25,18,26,3,25,21,21,21,18,26,3,25,21,21,21,21,2,21,2,18,26,3,21,10,18,3,2,10,18,21,21,18,21,2,18,21,10,3,21,21,21,21,21,21,10,3,21,9,39,21,39,21,21,21,21,21,21,21,21,21,21,21,21,21,21,21,21,21,21,21,21,21,21,21,21,21,21,21,21,21,21,21,21,21,21,21,21,21,21,21,21,21,21,21,21,21,21,21
21,21,26,2,21,21,21,2,9,21,21,21,18,21,21,2,21,25,10,21,2,21,11,21,21,21,18,21,21,18,21,11,3,18,25,25,18,21,10,25,10,21,3,21,21,10,21,21,21,21,10,3,18,21,9,39,39,39,21,21,21,21,21,21,21,21,21,21,21,21,21,21,21,21,21,21,21,21,21,21,21,21,21,21,21,21,21,21,21,21,21,21,21,21,21,21,21,21,21,21
21,21,2,21,21,21,21,2,21,25,10,21,2,21,11,18,21,21,18,21,21,21,0,25,3,21,18,21,11,3,18,25,25,18,21,10,25,10,21,21,21,19,23,23,31,2,21,21,29,21,19,23,31,2,21,2,2,21,26,3,26,21,3,21,10,3,21,21,21,39,21,39,21,21,21,21,21,21,21,21,21,21,21,21,21,21,21,21,21,21,21,21,21,21,21,21,21,21,21,21
21,21,2,2,21,21,3,21,21,21,21,9,3,21,9,18,25,25,18,21,2,21,10,21,21,21,18,21,21,21,3,26,10,3,25,9,21,21,21,21,3,2,21,39,39,39,21,21,21,21,21,21,21,21,21,21,21,21,21,21,21,21,21,21,21,21,21,21,21,21,21,21,21,21,21,21,21,21,21,21,21,21,21,21,21,21,21,21,21,21,21,21,21,21,21,21,21,21,21,21
21,21,2,21,21,21,18,25,25,18,21,2,25,10,21,21,21,21,21,2,18,26,3,25,21,3,2,21,3,2,22,3,22,3,21,21,3,25,9,21,21,21,21,21,21,21,21,21,21,21,39,21,39,21,21,21,21,21,21,21,21,21,21,21,21,21,21,21,21,21,21,21,21,21,21,21,21,21,21,21,21,21,21,21,21,21,21,21,21,21,21,21,21,21,21,21,21,21,21,21
21,26,28,2,18,26,3,2,18,26,3,25,21,21,3,21,21,21,21,25,2,21,10,18,25,25,18,21,2,21,11,21,21,21,21,11,3,25,10,21,21,21,21,21,21,18,21,2,21,3,3,21,18,21,10,3,3,21,21,9,39,21,39,21,21,21,21,21,21,21,21,21,21,21,21,21,21,21,21,21,21,21,21,21,21,21,21,21,21,21,21,21,21,21,21,21,21,21,21,21
21,21,21,2,21,21,2,21,10,18,25,25,18,21,2,21,11,21,11,18,21,21,18,21,2,21,3,21,18,21,11,3,25,10,21,21,21,21,18,3,3,21,10,21,3,2,22,3,22,3,21,21,2,9,39,39,21,21,21,21,21,21,21,21,21,21,21,21,21,21,21,21,21,21,21,21,21,21,21,21,21,21,21,21,21,21,21,21,21,21,21,21,21,21,21,21,21,21,21,21
21,21,21,21,21,21,21,21,2,21,2,21,25,10,21,2,21,21,18,26,3,25,21,21,21,21,21,11,3,18,25,25,18,21,10,25,10,21,21,21,21,21,3,21,3,21,3,21,21,3,21,2,21,3,18,25,9,39,39,39,21,21,21,21,21,21,21,21,21,21,21,21,21,21,21,21,21,21,21,21,21,21,21,21,21,21,21,21,21,21,21,21,21,21,21,21,21,21,21,21
21,26,21,9,18,21,21,18,21,2,2,21,21,21,21,25,21,25,21,2,18,26,3,21,11,21,26,3,25,21,11,11,18,21,21,18,18,21,21,18,21,21,18,21,12,26,25,23,31,11,3,21,21,3,18,21,9,39,39,39,21,21,21,21,21,21,21,21,21,21,21,21,21,21,21,21,21,21,21,21,21,21,21,21,21,21,21,21,21,21,21,21,21,21,21,21,21,21,21,21
21,21,21,2,21,21,21,21,9,21,21,18,25,25,18,21,2,21,10,21,21,21,3,25,9,21,21,21,21,21,21,21,21,21,21,21,9,39,39,39,39,21,21,21,21,21,21,21,21,21,21,21,21,21,21,21,21,21,21,21,21,21,21,21,21,21,21,21,21,21,21,21,21,21,21,21,21,21,21,21,21,21,21,21,21,21,21,21,21,21,21,21,21,21,21,21,21,21,21,21
21,21,21,21,21,21,21,18,21,21,21,3,18,26,3,25,29,29,10,21,19,19,23,10,11,21,21,21,29,21,19,23,23,31,10,21,11,3,21,18,21,21,9,18,26,39,39,39,21,21,21,21,21,21,21,21,21,21,21,21,21,21,21,21,21,21,21,21,21,21,21,21,21,21,21,21,21,21,21,21,21,21,21,21,21,21,21,21,21,21,21,21,21,21,21,21,21,21,21,21
21,21,2,2,21,21,3,21,21,21,25,9,21,2,21,10,21,21,21,21,10,3,18,25,25,18,21,9,25,9,21,21,21,21,2,21,10,18,21,21,18,21,2,26,21,21,18,21,10,3,21,21,9,39,39,39,21,21,21,21,21,21,21,21,21,21,21,21,21,21,21,21,21,21,21,21,21,21,21,21,21,21,21,21,21,21,21,21,21,21,21,21,21,21,21,21,21,21,21,21
26,26,21,21,19,19,23,31,9,21,21,25,21,19,23,23,31,2,21,21,2,21,2,18,26,3,21,21,21,18,21,21,18,21,21,21,21,21,21,3,21,21,21,12,18,21,11,3,21,29,21,19,19,23,31,10,9,39,39,39,21,21,21,21,21,21,21,21,21,21,21,21,21,21,21,21,21,21,21,21,21,21,21,21,21,21,21,21,21,21,21,21,21,21,21,21,21,21,21,21
21,21,21,2,21,21,21,2,21,10,18,25,25,18,21,2,21,11,11,18,21,21,21,2,21,11,3,25,10,21,21,21,21,2,18,26,3,21,10,18,21,21,18,21,26,10,3,21,21,39,21,39,21,21,21,21,21,21,21,21,21,21,21,21,21,21,21,21,21,21,21,21,21,21,21,21,21,21,21,21,21,21,21,21,21,21,21,21,21,21,21,21,21,21,21,21,21,21,21,21
21,21,9,21,9,18,26,3,21,9,18,21,21,18,21,3,18,21,21,18,21,9,25,2,18,26,3,2,18,26,3,25,21,9,9,18,26,3,25,21,9,18,21,21,2,21,21,21,18,21,21,18,21,21,10,18,25,9,39,39,39,21,21,21,21,21,21,21,21,21,21,21,21,21,21,21,21,21,21,21,21,21,21,21,21,21,21,21,21,21,21,21,21,21,21,21,21,21,21,21
21,21,9,9,21,21,21,2,21,2,18,26,3,25,21,10,18,21,21,21,25,2,21,2,21,2,18,26,3,21,21,19,23,23,31,11,21,21,21,2,18,26,3,21,21,3,21,10,3,21,18,25,9,39,21,39,21,21,21,21,21,21,21,21,21,21,21,21,21,21,21,21,21,21,21,21,21,21,21,21,21,21,21,21,21,21,21,21,21,21,21,21,21,21,21,21,21,21,21,21
21,21,21,21,21,21,21,26,3,25,21,21,21,21,2,21,10,18,26,3,21,10,18,21,21,18,21,2,21,2,21,21,21,18,21,10,3,21,21,21,19,23,23,31,2,21,3,21,9,39,21,39,21,21,21,21,21,21,21,21,21,21,21,21,21,21,21,21,21,21,21,21,21,21,21,21,21,21,21,21,21,21,21,21,21,21,21,21,21,21,21,21,21,21,21,21,21,21,21,21
21,21,2,21,21,21,21,3,21,2,18,26,3,25,21,21,21,21,2,2,21,21,21,3,21,21,2,21,21,18,26,3,21,21,21,22,3,2,22,3,22,3,21,10,39,39,39,39,21,21,21,21,21,21,21,21,21,21,21,21,21,21,21,21,21,21,21,21,21,21,21,21,21,21,21,21,21,21,21,21,21,21,21,21,21,21,21,21,21,21,21,21,21,21,21,21,21,21,21,21
21,21,21,21,2,21,26,3,25,21,21,3,21,21,2,25,18,3,2,18,26,3,21,9,18,21,21,21,9,18,21,21,21,3,21,9,3,21,2,21,3,21,39,39,39,39,21,21,21,21,21,21,21,21,21,21,21,21,21,21,21,21,21,21,21,21,21,21,21,21,21,21,21,21,21,21,21,21,21,21,21,21,21,21,21,21,21,21,21,21,21,21,21,21,21,21,21,21,21,21
21,26,2,21,21,9,18,21,21,10,21,28,9,3,21,9,18,25,25,18,21,2,21,10,18,26,3,25,21,21,21,21,21,10,3,25,9,21,21,21,18,21,21,18,21,21,2,21,9,21,9,2,18,26,3,26,21,2,21,3,2,21,3,21,39,39,39,21,21,21,21,21,21,21,21,21,21,21,21,21,21,21,21,21,21,21,21,21,21,21,21,21,21,21,21,21,21,21,21,21
21,21,2,2,2,18,26,3,21,9,21,3,2,21,3,21,25,9,21,2,21,10,18,21,21,18,21,21,21,3,25,3,21,18,21,10,3,18,25,25,18,21,9,25,9,21,21,21,2,21,2,18,26,3,26,21,21,10,21,9,39,21,39,21,21,21,21,21,21,21,21,21,21,21,21,21,21,21,21,21,21,21,21,21,21,21,21,21,21,21,21,21,21,21,21,21,21,21,21,21
21,21,2,2,2,18,26,3,21,9,18,21,3,21,21,2,21,11,18,21,21,2,21,3,25,18,21,11,3,18,25,25,18,21,10,25,10,21,21,21,21,3,21,21,2,21,3,3,21,10,3,21,21,21,21,39,39,39,21,21,21,21,21,21,21,21,21,21,21,21,21,21,21,21,21,21,21,21,21,21,21,21,21,21,21,21,21,21,21,21,21,21,21,21,21,21,21,21,21,21
21,21,21,2,25,21,21,25,10,21,2,21,21,2,18,21,21,18,21,21,18,21,11,3,18,25,25,18,21,10,25,10,21,21,21,21,21,21,21,2,25,3,18,26,3,21,21,10,3,21,21,21,21,39,39,39,21,21,21,21,21,21,21,21,21,21,21,21,21,21,21,21,21,21,21,21,21,21,21,21,21,21,21,21,21,21,21,21,21,21,21,21,21,21,21,21,21,21,21,21
21,26,21,21,21,18,21,25,25,21,2,18,26,3,29,21,19,19,31,10,21,29,29,21,19,23,31,2,21,21,18,21,21,18,25,29,21,3,28,10,21,3,21,9,39,39,39,21,21,21,21,21,21,21,21,21,21,21,21,21,21,21,21,21,21,21,21,21,21,21,21,21,21,21,21,21,21,21,21,21,21,21,21,21,21,21,21,21,21,21,21,21,21,21,21,21,21,21,21,21
26,21,9,18,21,21,2,18,21,21,21,36,3,21,18,21,21,18,21,2,18,26,3,25,21,21,21,21,21,12,3,21,21,21,21,21,21,12,3,21,11,3,18,21,10,25,9,39,39,39,21,21,21,21,21,21,21,21,21,21,21,21,21,21,21,21,21,21,21,21,21,21,21,21,21,21,21,21,21,21,21,21,21,21,21,21,21,21,21,21,21,21,21,21,21,21,21,21,21,21
21,21,21,21,21,21,21,21,2,21,10,18,26,3,25,21,10,18,21,21,18,21,21,21,3,21,2,21,3,18,21,10,3,18,25,25,18,21,9,25,9,21,21,21,21,2,21,10,18,21,21,21,2,21,3,18,25,10,3,21,9,39,21,39,21,21,21,21,21,21,21,21,21,21,21,21,21,21,21,21,21,21,21,21,21,21,21,21,21,21,21,21,21,21,21,21,21,21,21,21
21,21,2,2,21,21,3,21,21,21,2,21,10,18,25,25,18,21,2,21,11,21,21,21,18,21,21,18,21,11,22,3,25,10,21,21,21,21,2,18,26,3,21,2,21,3,2,21,3,21,3,21,9,3,21,2,2,22,3,2,22,3,22,39,39,39,21,21,21,21,21,21,21,21,21,21,21,21,21,21,21,21,21,21,21,21,21,21,21,21,21,21,21,21,21,21,21,21,21,21
21,21,2,2,2,18,26,3,21,9,9,21,2,25,2,21,10,18,25,25,18,21,2,21,11,11,18,21,21,18,21,21,18,21,11,3,25,10,21,21,21,21,21,21,18,21,21,2,21,21,3,22,3,22,3,18,21,10,3,21,21,9,18,21,39,21,21,21,21,21,21,21,21,21,21,21,21,21,21,21,21,21,21,21,21,21,21,21,21,21,21,21,21,21,21,21,21,21,21,21
21,26,2,21,21,18,26,3,21,9,21,26,3,25,21,9,9,9,18,21,21,18,22,34,3,18,21,21,18,21,34,3,18,21,9,3,21,9,21,21,21,21,21,3,2,21,3,21,21,39,21,39,21,21,21,21,21,21,21,21,21,21,21,21,21,21,21,21,21,21,21,21,21,21,21,21,21,21,21,21,21,21,21,21,21,21,21,21,21,21,21,21,21,21,21,21,21,21,21,21
21,25,21,21,21,21,2,18,21,25,10,21,2,21,11,21,11,18,21,21,18,21,2,21,3,21,18,21,11,3,18,25,25,18,21,10,25,10,21,21,21,21,21,2,2,25,3,18,26,3,21,21,10,3,21,21,21,21,9,39,39,39,21,21,21,21,21,21,21,21,21,21,21,21,21,21,21,21,21,21,21,21,21,21,21,21,21,21,21,21,21,21,21,21,21,21,21,21,21,21
21,21,21,21,9,9,21,21,21,9,18,25,25,18,21,2,21,10,18,21,21,21,2,25,11,21,21,26,21,21,11,3,18,25,10,3,25,9,21,21,21,21,21,2,21,3,2,18,26,3,18,26,3,21,21,21,21,9,39,39,39,21,21,21,21,21,21,21,21,21,21,21,21,21,21,21,21,21,21,21,21,21,21,21,21,21,21,21,21,21,21,21,21,21,21,21,21,21,21,21
21,21,9,18,21,21,2,21,36,3,18,21,21,18,21,9,21,2,18,3,25,21,2,9,9,21,21,21,21,2,18,21,21,9,18,26,39,39,39,21,21,21,21,21,21,21,21,21,21,21,21,21,21,21,21,21,21,21,21,21,21,21,21,21,21,21,21,21,21,21,21,21,21,21,21,21,21,21,21,21,21,21,21,21,21,21,21,21,21,21,21,21,21,21,21,21,21,21,21,21
21,25,2,21,21,9,21,21,21,18,21,21,18,21,2,25,3,18,26,3,18,21,9,3,21,9,18,25,25,18,21,2,21,10,10,18,21,21,21,10,3,25,9,21,21,21,21,21,21,21,28,9,2,18,26,3,18,26,39,39,39,21,21,21,21,21,21,21,21,21,21,21,21,21,21,21,21,21,21,21,21,21,21,21,21,21,21,21,21,21,21,21,21,21,21,21,21,21,21,21
21,29,21,19,19,31,9,21,29,21,19,19,23,31,2,21,2,18,26,3,25,21,21,21,21,21,21,21,9,9,9,21,2,21,2,18,26,3,21,9,9,21,18,21,21,18,25,9,3,21,10,10,39,39,39,21,21,21,21,21,21,21,21,21,21,21,21,21,21,21,21,21,21,21,21,21,21,21,21,21,21,21,21,21,21,21,21,21,21,21,21,21,21,21,21,21,21,21,21,21
21,21,21,21,21,21,21,3,18,26,3,25,21,21,21,21,21,21,2,18,26,3,21,10,18,21,21,2,3,21,3,21,3,21,9,9,3,3,21,9,21,3,21,39,39,39,39,21,21,21,21,21,21,21,21,21,21,21,21,21,21,21,21,21,21,21,21,21,21,21,21,21,21,21,21,21,21,21,21,21,21,21,21,21,21,21,21,21,21,21,21,21,21,21,21,21,21,21,21,21
21,21,9,9,21,18,21,2,21,21,2,18,21,21,21,2,21,2,18,26,3,21,12,18,21,21,18,21,21,21,3,21,21,21,3,21,21,3,21,21,11,3,21,21,21,21,3,21,10,18,21,9,39,39,39,21,21,21,21,21,21,21,21,21,21,21,21,21,21,21,21,21,21,21,21,21,21,21,21,21,21,21,21,21,21,21,21,21,21,21,21,21,21,21,21,21,21,21,21,21
21,21,21,21,21,21,3,18,21,21,18,21,21,26,3,21,18,21,9,3,25,21,2,18,26,3,21,9,18,21,2,21,21,9,2,18,26,3,18,26,39,39,39,21,21,21,21,21,21,21,21,21,21,21,21,21,21,21,21,21,21,21,21,21,21,21,21,21,21,21,21,21,21,21,21,21,21,21,21,21,21,21,21,21,21,21,21,21,21,21,21,21,21,21,21,21,21,21,21,21
21,21,2,21,3,2,21,18,21,21,18,21,21,21,2,21,21,21,2,18,26,3,25,21,21,21,21,21,2,21,2,18,26,3,21,11,18,21,21,3,21,21,10,3,21,10,18,21,21,18,21,21,10,3,21,18,21,9,39,39,39,21,21,21,21,21,21,21,21,21,21,21,21,21,21,21,21,21,21,21,21,21,21,21,21,21,21,21,21,21,21,21,21,21,21,21,21,21,21,21
21,26,28,2,18,26,3,2,18,26,3,25,21,21,3,21,21,21,25,9,21,2,21,10,21,21,21,2,21,2,18,26,3,26,21,21,21,21,21,21,11,3,21,21,10,3,18,25,25,18,21,9,21,2,21,3,2,21,3,21,39,39,39,21,21,21,21,21,21,21,21,21,21,21,21,21,21,21,21,21,21,21,21,21,21,21,21,21,21,21,21,21,21,21,21,21,21,21,21,21
21,21,2,9,18,21,3,18,26,3,25,21,21,10,21,25,21,18,3,18,26,3,21,21,2,21,2,18,26,3,21,2,21,21,3,21,2,21,3,21,3,21,21,3,21,21,21,39,21,39,21,21,21,21,21,21,21,21,21,21,21,21,21,21,21,21,21,21,21,21,21,21,21,21,21,21,21,21,21,21,21,21,21,21,21,21,21,21,21,21,21,21,21,21,21,21,21,21,21,21
21,21,9,9,25,18,21,21,18,21,2,18,21,25,2,21,11,18,21,21,21,2,21,2,12,18,21,21,18,21,21,18,21,12,3,21,21,3,18,25,21,10,3,18,25,9,21,39,39,39,21,21,21,21,21,21,21,21,21,21,21,21,21,21,21,21,21,21,21,21,21,21,21,21,21,21,21,21,21,21,21,21,21,21,21,21,21,21,21,21,21,21,21,21,21,21,21,21,21,21
21,21,9,21,9,18,21,2,25,2,21,10,18,25,25,18,21,2,21,11,18,21,21,18,21,21,21,3,21,18,21,11,3,36,3,25,10,21,21,21,21,3,2,21,3,26,26,21,3,21,9,39,21,39,21,21,21,21,21,21,21,21,21,21,21,21,21,21,21,21,21,21,21,21,21,21,21,21,21,21,21,21,21,21,21,21,21,21,21,21,21,21,21,21,21,21,21,21,21,21
21,21,9,21,9,18,21,21,18,21,21,2,25,10,21,21,25,21,2,21,2,18,25,25,18,21,2,21,21,2,25,11,21,21,21,21,21,3,21,2,18,21,21,21,21,11,3,21,21,10,3,18,25,9,39,21,39,21,21,21,21,21,21,21,21,21,21,21,21,21,21,21,21,21,21,21,21,21,21,21,21,21,21,21,21,21,21,21,21,21,21,21,21,21,21,21,21,21,21,21
21,21,2,21,21,2,21,2,18,26,3,21,10,18,21,3,21,21,21,3,3,21,21,25,25,25,21,2,18,26,3,21,9,18,21,21,2,21,21,9,10,9,39,39,39,39,21,21,21,21,21,21,21,21,21,21,21,21,21,21,21,21,21,21,21,21,21,21,21,21,21,21,21,21,21,21,21,21,21,21,21,21,21,21,21,21,21,21,21,21,21,21,21,21,21,21,21,21,21,21
21,21,9,21,9,18,26,3,21,21,9,21,21,21,25,2,21,10,18,25,25,18,21,2,21,11,18,3,2,3,3,25,10,21,21,21,21,21,21,18,21,2,2,18,21,21,18,21,21,18,21,10,11,3,21,9,39,21,39,21,21,21,21,21,21,21,21,21,21,21,21,21,21,21,21,21,21,21,21,21,21,21,21,21,21,21,21,21,21,21,21,21,21,21,21,21,21,21,21,21
21,29,21,19,19,23,31,9,21,21,21,2,18,26,3,21,9,18,21,29,2,21,3,21,2,21,26,3,21,18,21,9,3,25,21,21,21,21,2,21,10,18,21,21,18,21,21,21,3,21,18,21,10,3,21,18,25,9,39,39,39,21,21,21,21,21,21,21,21,21,21,21,21,21,21,21,21,21,21,21,21,21,21,21,21,21,21,21,21,21,21,21,21,21,21,21,21,21,21,21
21,21,2,2,21,21,3,18,21,21,2,21,10,18,25,25,18,21,2,21,11,11,21,21,21,18,21,21,22,3,3,21,18,21,11,3,25,10,21,21,21,21,21,25,18,21,28,10,21,3,21,21,3,21,2,2,22,3,2,22,3,22,39,39,39,21,21,21,21,21,21,21,21,21,21,21,21,21,21,21,21,21,21,21,21,21,21,21,21,21,21,21,21,21,21,21,21,21,21,21
21,21,21,21,21,21,21,21,9,21,2,21,10,18,21,21,18,21,21,2,21,10,22,3,18,25,25,18,21,9,25,9,21,21,21,2,21,10,18,21,21,21,21,10,3,21,21,21,19,23,31,2,21,39,39,39,21,21,21,21,21,21,21,21,21,21,21,21,21,21,21,21,21,21,21,21,21,21,21,21,21,21,21,21,21,21,21,21,21,21,21,21,21,21,21,21,21,21,21,21
21,21,26,21,9,9,18,25,25,18,21,2,25,10,21,21,21,2,2,18,26,3,21,21,3,3,3,25,9,21,21,21,21,3,2,2,21,3,3,21,21,39,39,39,21,21,21,21,21,21,21,21,21,21,21,21,21,21,21,21,21,21,21,21,21,21,21,21,21,21,21,21,21,21,21,21,21,21,21,21,21,21,21,21,21,21,21,21,21,21,21,21,21,21,21,21,21,21,21,21
21,21,21,9,21,9,18,21,21,18,21,2,21,25,10,21,2,21,11,21,21,21,21,11,3,18,25,25,18,21,10,25,10,21,21,21,21,2,21,21,3,3,3,21,10,10,3,21,18,21,9,39,21,39,21,21,21,21,21,21,21,21,21,21,21,21,21,21,21,21,21,21,21,21,21,21,21,21,21,21,21,21,21,21,21,21,21,21,21,21,21,21,21,21,21,21,21,21,21,21
21,21,2,2,2,18,26,3,21,9,21,21,25,2,21,10,18,25,25,18,21,2,21,21,21,11,18,21,21,18,21,21,21,3,3,21,18,21,11,3,25,10,21,21,21,21,10,21,21,21,25,18,25,10,3,21,21,9,39,21,39,21,21,21,21,21,21,21,21,21,21,21,21,21,21,21,21,21,21,21,21,21,21,21,21,21,21,21,21,21,21,21,21,21,21,21,21,21,21,21
21,21,2,2,21,21,21,2,18,26,3,21,21,9,21,2,21,10,10,18,21,21,3,18,25,25,18,21,9,25,9,21,3,9,18,21,21,18,21,2,9,3,21,21,9,18,21,21,18,21,28,9,39,39,39,39,21,21,21,21,21,21,21,21,21,21,21,21,21,21,21,21,21,21,21,21,21,21,21,21,21,21,21,21,21,21,21,21,21,21,21,21,21,21,21,21,21,21,21,21
21,21,9,21,18,26,3,2,18,26,3,25,21,21,21,25,9,21,2,21,21,19,23,31,10,21,21,21,26,10,3,18,25,25,18,21,9,25,9,21,21,21,2,21,21,2,21,10,18,21,21,18,21,21,18,21,3,18,21,10,3,21,21,39,21,39,21,21,21,21,21,21,21,21,21,21,21,21,21,21,21,21,21,21,21,21,21,21,21,21,21,21,21,21,21,21,21,21,21,21
21,26,21,21,21,2,21,21,9,18,21,21,18,21,21,18,21,9,3,21,2,18,26,3,21,21,21,18,21,21,10,18,21,21,18,21,21,18,21,3,18,21,10,21,39,39,39,21,21,21,21,21,21,21,21,21,21,21,21,21,21,21,21,21,21,21,21,21,21,21,21,21,21,21,21,21,21,21,21,21,21,21,21,21,21,21,21,21,21,21,21,21,21,21,21,21,21,21,21,21
21,26,2,21,21,9,9,22,3,2,22,3,22,3,21,2,18,25,25,18,21,2,21,10,21,21,21,18,21,21,18,21,10,3,25,9,21,21,21,21,21,21,21,10,2,21,21,18,21,21,18,21,10,9,39,39,39,39,21,21,21,21,21,21,21,21,21,21,21,21,21,21,21,21,21,21,21,21,21,21,21,21,21,21,21,21,21,21,21,21,21,21,21,21,21,21,21,21,21,21
21,21,25,21,21,21,2,21,21,21,21,21,25,18,26,3,25,21,21,21,9,39,21,21,21,10,39,39,39,21,21,21,21,21,21,21,21,21,21,21,21,21,21,21,21,21,21,21,21,21,21,21,21,21,21,21,21,21,21,21,21,21,21,21,21,21,21,21,21,21,21,21,21,21,21,21,21,21,21,21,21,21,21,21,21,21,21,21,21,21,21,21,21,21,21,21,21,21,21,21
21,21,9,18,25,21,21,2,21,3,21,21,3,18,3,2,22,3,22,3,21,21,25,2,21,2,11,18,21,21,18,21,2,21,2,25,3,2,3,21,18,21,3,18,21,11,3,21,10,3,18,25,9,39,39,39,21,21,21,21,21,21,21,21,21,21,21,21,21,21,21,21,21,21,21,21,21,21,21,21,21,21,21,21,21,21,21,21,21,21,21,21,21,21,21,21,21,21,21,21
21,21,21,21,21,9,9,18,21,21,10,21,28,9,3,21,9,18,25,25,18,21,2,21,10,18,21,21,18,21,21,18,21,10,3,25,9,21,21,21,9,18,21,21,18,21,21,28,21,2,22,3,2,22,3,22,3,21,18,21,9,39,39,39,21,21,21,21,21,21,21,21,21,21,21,21,21,21,21,21,21,21,21,21,21,21,21,21,21,21,21,21,21,21,21,21,21,21,21,21
21,21,21,2,21,21,21,21,29,21,19,23,31,9,21,2,9,21,2,21,10,21,21,21,18,21,21,21,3,3,21,18,21,10,3,18,25,25,18,21,9,25,9,21,21,21,21,2,21,21,21,39,39,39,21,21,21,21,21,21,21,21,21,21,21,21,21,21,21,21,21,21,21,21,21,21,21,21,21,21,21,21,21,21,21,21,21,21,21,21,21,21,21,21,21,21,21,21,21,21
21,21,2,21,21,18,26,3,21,21,21,3,21,9,21,18,26,3,25,21,9,18,21,25,2,21,2,18,26,3,2,18,26,3,21,10,18,21,21,18,21,2,21,21,3,21,2,21,21,3,18,21,10,3,21,21,9,39,21,39,21,21,21,21,21,21,21,21,21,21,21,21,21,21,21,21,21,21,21,21,21,21,21,21,21,21,21,21,21,21,21,21,21,21,21,21,21,21,21,21
21,26,21,2,21,3,9,21,21,2,18,26,3,21,9,18,26,3,25,21,9,18,21,21,18,21,3,18,3,2,22,3,22,3,18,21,21,18,21,9,21,39,21,3,21,39,39,39,21,21,21,21,21,21,21,21,21,21,21,21,21,21,21,21,21,21,21,21,21,21,21,21,21,21,21,21,21,21,21,21,21,21,21,21,21,21,21,21,21,21,21,21,21,21,21,21,21,21,21,21
21,21,9,18,21,21,18,21,21,18,21,2,21,21,21,26,3,25,2,18,3,18,10,10,21,21,21,18,21,21,10,21,10,3,18,21,9,39,39,39,21,21,21,21,21,21,21,21,21,21,21,21,21,21,21,21,21,21,21,21,21,21,21,21,21,21,21,21,21,21,21,21,21,21,21,21,21,21,21,21,21,21,21,21,21,21,21,21,21,21,21,21,21,21,21,21,21,21,21,21
21,21,2,2,21,21,3,2,21,3,2,18,26,3,18,26,3,21,2,18,25,25,18,21,2,21,10,21,3,2,3,25,9,21,21,21,9,18,21,21,21,2,21,9,39,21,39,21,21,21,21,21,21,21,21,21,21,21,21,21,21,21,21,21,21,21,21,21,21,21,21,21,21,21,21,21,21,21,21,21,21,21,21,21,21,21,21,21,21,21,21,21,21,21,21,21,21,21,21,21
21,21,2,2,2,18,26,3,21,9,9,21,21,21,2,21,10,18,25,25,18,21,2,21,11,21,21,21,21,21,11,3,25,10,21,21,21,21,21,21,3,21,21,21,21,10,3,21,21,9,39,21,39,21,21,21,21,21,21,21,21,21,21,21,21,21,21,21,21,21,21,21,21,21,21,21,21,21,21,21,21,21,21,21,21,21,21,21,21,21,21,21,21,21,21,21,21,21,21,21
21,26,21,21,9,21,26,3,25,21,21,21,21,21,21,2,2,21,21,25,2,21,2,18,21,21,18,21,21,21,3,21,18,21,11,3,21,21,10,3,21,9,39,21,39,21,21,21,21,21,21,21,21,21,21,21,21,21,21,21,21,21,21,21,21,21,21,21,21,21,21,21,21,21,21,21,21,21,21,21,21,21,21,21,21,21,21,21,21,21,21,21,21,21,21,21,21,21,21,21
21,21,21,25,2,21,21,21,21,2,21,10,18,25,25,18,21,2,21,11,21,11,18,21,21,18,21,21,21,3,21,18,21,11,3,25,10,21,21,21,21,21,21,21,21,9,18,26,39,39,39,21,21,21,21,21,21,21,21,21,21,21,21,21,21,21,21,21,21,21,21,21,21,21,21,21,21,21,21,21,21,21,21,21,21,21,21,21,21,21,21,21,21,21,21,21,21,21,21,21
21,21,21,2,2,2,18,26,3,21,25,9,21,21,21,10,18,21,21,21,18,26,3,25,10,3,18,25,25,18,21,9,25,9,21,3,21,21,9,9,21,39,39,39,21,21,21,21,21,21,21,21,21,21,21,21,21,21,21,21,21,21,21,21,21,21,21,21,21,21,21,21,21,21,21,21,21,21,21,21,21,21,21,21,21,21,21,21,21,21,21,21,21,21,21,21,21,21,21,21
21,21,29,21,19,19,23,31,9,29,29,21,19,23,31,9,21,21,2,18,26,3,2,18,26,3,21,9,9,18,21,21,18,21,21,21,3,21,21,18,26,3,25,9,39,21,39,21,21,21,21,21,21,21,21,21,21,21,21,21,21,21,21,21,21,21,21,21,21,21,21,21,21,21,21,21,21,21,21,21,21,21,21,21,21,21,21,21,21,21,21,21,21,21,21,21,21,21,21,21
21,21,2,2,21,21,3,21,2,9,25,9,21,2,21,10,10,18,21,21,18,21,21,18,21,10,3,18,25,25,18,21,9,25,9,21,21,21,2,2,21,2,21,3,21,18,21,2,22,3,21,18,21,10,21,9,39,39,39,39,39,21,21,21,21,21,21,21,21,21,21,21,21,21,21,21,21,21,21,21,21,21,21,21,21,21,21,21,21,21,21,21,21,21,21,21,21,21,21,21
21,21,25,21,21,21,9,21,21,21,10,21,10,18,21,21,18,21,21,21,3,21,18,21,10,3,18,25,25,18,21,9,25,9,21,21,21,2,21,2,21,26,3,21,21,3,21,21,9,39,21,39,21,21,21,21,21,21,21,21,21,21,21,21,21,21,21,21,21,21,21,21,21,21,21,21,21,21,21,21,21,21,21,21,21,21,21,21,21,21,21,21,21,21,21,21,21,21,21,21
21,21,25,2,21,21,21,21,2,21,2,18,26,3,21,21,21,21,21,21,21,21,21,21,21,21,18,21,10,3,21,21,9,18,26,39,39,39,21,21,21,21,21,21,21,21,21,21,21,21,21,21,21,21,21,21,21,21,21,21,21,21,21,21,21,21,21,21,21,21,21,21,21,21,21,21,21,21,21,21,21,21,21,21,21,21,21,21,21,21,21,21,21,21,21,21,21,21,21,21
21,21,25,21,21,21,21,21,2,18,25,25,21,2,21,25,10,21,3,21,2,21,25,25,18,21,2,21,11,21,3,2,3,25,10,21,21,21,10,21,26,3,21,21,21,10,3,18,25,9,39,39,39,21,21,21,21,21,21,21,21,21,21,21,21,21,21,21,21,21,21,21,21,21,21,21,21,21,21,21,21,21,21,21,21,21,21,21,21,21,21,21,21,21,21,21,21,21,21,21
21,25,9,18,25,25,2,21,21,21,3,2,3,2,18,26,3,25,21,21,21,21,21,21,2,18,26,3,21,11,18,21,21,21,3,25,2,21,25,11,21,3,21,21,3,21,2,21,3,18,21,9,39,39,39,21,21,21,21,21,21,21,21,21,21,21,21,21,21,21,21,21,21,21,21,21,21,21,21,21,21,21,21,21,21,21,21,21,21,21,21,21,21,21,21,21,21,21,21,21
21,26,21,21,21,21,21,21,2,18,26,3,21,21,21,21,21,21,21,3,21,21,21,21,21,21,3,21,9,21,21,21,18,21,21,9,39,39,39,21,21,21,21,21,21,21,21,21,21,21,21,21,21,21,21,21,21,21,21,21,21,21,21,21,21,21,21,21,21,21,21,21,21,21,21,21,21,21,21,21,21,21,21,21,21,21,21,21,21,21,21,21,21,21,21,21,21,21,21,21
26,18,21,2,21,21,21,21,3,21,9,18,21,21,18,21,21,18,21,9,3,34,22,26,3,25,21,25,21,9,18,21,21,21,21,21,18,21,21,21,34,3,21,18,21,10,21,9,39,39,39,21,21,21,21,21,21,21,21,21,21,21,21,21,21,21,21,21,21,21,21,21,21,21,21,21,21,21,21,21,21,21,21,21,21,21,21,21,21,21,21,21,21,21,21,21,21,21,21,21
21,21,9,21,9,18,26,3,21,9,21,21,21,2,21,10,18,25,25,18,21,2,21,11,18,21,21,18,21,21,25,23,31,11,3,25,10,21,21,21,21,10,10,21,21,21,21,21,3,21,21,10,3,21,21,9,39,21,39,21,21,21,21,21,21,21,21,21,21,21,21,21,21,21,21,21,21,21,21,21,21,21,21,21,21,21,21,21,21,21,21,21,21,21,21,21,21,21,21,21
21,21,21,21,18,26,3,29,21,19,19,23,31,9,21,21,21,19,23,31,9,21,2,2,18,26,3,2,18,26,3,25,21,21,21,21,2,2,21,2,18,26,3,21,21,2,18,21,21,18,21,21,18,21,10,3,21,21,9,39,21,39,21,21,21,21,21,21,21,21,21,21,21,21,21,21,21,21,21,21,21,21,21,21,21,21,21,21,21,21,21,21,21,21,21,21,21,21,21,21
21,26,21,21,18,26,3,21,9,18,21,21,18,21,21,2,25,21,2,21,21,21,21,3,2,22,25,21,2,18,26,3,21,11,11,21,18,21,21,3,21,10,3,18,25,9,39,39,39,21,21,21,21,21,21,21,21,21,21,21,21,21,21,21,21,21,21,21,21,21,21,21,21,21,21,21,21,21,21,21,21,21,21,21,21,21,21,21,21,21,21,21,21,21,21,21,21,21,21,21
21,21,21,21,21,3,21,21,19,19,23,31,2,21,3,21,21,19,23,23,31,2,25,3,21,21,9,21,2,18,26,3,21,9,18,21,21,21,2,21,10,10,21,18,21,21,10,18,18,21,9,39,39,39,21,21,21,21,21,21,21,21,21,21,21,21,21,21,21,21,21,21,21,21,21,21,21,21,21,21,21,21,21,21,21,21,21,21,21,21,21,21,21,21,21,21,21,21,21,21
21,21,21,21,21,21,21,21,3,21,9,18,25,25,18,21,2,21,10,21,21,26,21,11,18,21,10,21,26,21,21,11,3,25,9,21,21,21,18,21,21,18,21,2,21,2,21,18,21,3,21,9,18,26,39,39,39,21,21,21,21,21,21,21,21,21,21,21,21,21,21,21,21,21,21,21,21,21,21,21,21,21,21,21,21,21,21,21,21,21,21,21,21,21,21,21,21,21,21,21
21,21,2,21,21,21,18,26,3,29,29,21,19,19,23,31,9,21,21,21,21,29,21,19,23,23,31,9,21,2,2,3,21,9,18,21,21,18,21,21,25,23,31,9,39,39,39,21,21,21,21,21,21,21,21,21,21,21,21,21,21,21,21,21,21,21,21,21,21,21,21,21,21,21,21,21,21,21,21,21,21,21,21,21,21,21,21,21,21,21,21,21,21,21,21,21,21,21,21,21
21,21,21,9,9,21,21,3,21,21,18,25,25,18,21,2,21,10,21,21,21,18,26,3,3,18,21,21,18,21,10,3,25,9,21,21,21,21,21,3,21,2,21,21,9,39,39,39,21,21,21,21,21,21,21,21,21,21,21,21,21,21,21,21,21,21,21,21,21,21,21,21,21,21,21,21,21,21,21,21,21,21,21,21,21,21,21,21,21,21,21,21,21,21,21,21,21,21,21,21
21,21,21,21,3,21,21,3,0,0,25,3,21,2,21,21,19,23,23,31,9,21,21,21,19,23,31,2,21,10,3,21,21,18,21,21,18,21,21,18,21,10,9,39,39,39,39,21,21,21,21,21,21,21,21,21,21,21,21,21,21,21,21,21,21,21,21,21,21,21,21,21,21,21,21,21,21,21,21,21,21,21,21,21,21,21,21,21,21,21,21,21,21,21,21,21,21,21,21,21
21,26,21,21,9,18,21,21,2,21,21,21,21,2,18,26,3,25,21,21,21,21,21,2,21,21,25,18,21,10,21,2,21,3,2,3,21,2,21,3,18,21,9,39,39,39,21,21,21,21,21,21,21,21,21,21,21,21,21,21,21,21,21,21,21,21,21,21,21,21,21,21,21,21,21,21,21,21,21,21,21,21,21,21,21,21,21,21,21,21,21,21,21,21,21,21,21,21,21,21
21,21,26,2,21,21,3,9,21,2,21,10,18,21,26,21,2,21,11,18,21,21,18,21,21,18,21,11,3,18,21,10,3,18,25,25,18,21,9,25,2,21,21,21,21,21,3,2,22,3,21,21,9,3,21,2,21,3,21,39,39,39,21,21,21,21,21,21,21,21,21,21,21,21,21,21,21,21,21,21,21,21,21,21,21,21,21,21,21,21,21,21,21,21,21,21,21,21,21,21
21,21,9,9,21,18,21,21,18,21,9,21,25,9,21,21,21,21,10,21,3,2,3,18,25,25,18,21,9,25,9,21,21,21,21,2,21,2,18,26,3,25,21,3,21,9,39,39,39,21,21,21,21,21,21,21,21,21,21,21,21,21,21,21,21,21,21,21,21,21,21,21,21,21,21,21,21,21,21,21,21,21,21,21,21,21,21,21,21,21,21,21,21,21,21,21,21,21,21,21
21,26,2,21,21,21,21,2,18,26,3,21,9,18,21,25,2,21,3,21,18,21,9,3,21,2,18,26,3,21,9,18,21,21,18,21,21,21,2,21,21,18,21,21,21,3,21,10,18,21,9,39,39,39,21,21,21,21,21,21,21,21,21,21,21,21,21,21,21,21,21,21,21,21,21,21,21,21,21,21,21,21,21,21,21,21,21,21,21,21,21,21,21,21,21,21,21,21,21,21
21,21,9,21,9,18,26,3,21,9,9,21,21,2,21,3,21,3,21,25,9,21,2,21,10,18,21,21,18,21,21,21,36,3,21,18,21,10,3,18,25,25,18,21,9,25,9,21,21,21,25,19,23,31,2,21,21,3,21,9,39,21,39,21,21,21,21,21,21,21,21,21,21,21,21,21,21,21,21,21,21,21,21,21,21,21,21,21,21,21,21,21,21,21,21,21,21,21,21,21
21,26,2,21,21,21,2,18,21,21,18,21,2,21,25,10,21,2,21,11,21,21,21,18,21,21,18,25,11,3,18,25,25,18,21,10,25,2,21,21,21,2,21,21,21,21,3,2,21,3,21,3,21,21,10,3,21,18,25,9,39,39,39,21,21,21,21,21,21,21,21,21,21,21,21,21,21,21,21,21,21,21,21,21,21,21,21,21,21,21,21,21,21,21,21,21,21,21,21,21
21,21,21,21,21,21,21,2,21,10,18,25,25,18,21,2,21,2,21,11,18,21,21,18,21,21,21,3,21,2,21,3,18,21,11,3,25,10,21,21,21,10,10,21,21,21,25,18,25,10,3,21,21,26,9,39,39,39,21,21,21,21,21,21,21,21,21,21,21,21,21,21,21,21,21,21,21,21,21,21,21,21,21,21,21,21,21,21,21,21,21,21,21,21,21,21,21,21,21,21
21,21,2,21,21,21,3,21,21,19,23,31,2,21,3,21,25,9,21,2,21,10,21,21,21,18,21,21,2,21,3,25,3,18,21,10,3,18,25,25,18,21,9,25,9,21,21,21,21,21,10,2,2,21,21,21,21,21,3,21,9,39,39,39,21,21,21,21,21,21,21,21,21,21,21,21,21,21,21,21,21,21,21,21,21,21,21,21,21,21,21,21,21,21,21,21,21,21,21,21
21,21,21,2,2,21,21,3,21,21,18,25,25,18,21,2,21,10,10,18,21,21,18,21,21,18,21,10,3,25,9,21,21,21,21,21,21,18,21,21,18,21,21,18,21,9,26,21,39,21,21,21,21,21,21,21,21,21,21,21,21,21,21,21,21,21,21,21,21,21,21,21,21,21,21,21,21,21,21,21,21,21,21,21,21,21,21,21,21,21,21,21,21,21,21,21,21,21,21,21
21,21,21,25,21,21,2,21,10,18,25,25,18,21,2,21,21,21,21,21,18,21,21,18,21,11,21,3,25,10,21,21,21,10,21,10,21,21,21,21,21,3,21,21,26,9,39,39,39,21,21,21,21,21,21,21,21,21,21,21,21,21,21,21,21,21,21,21,21,21,21,21,21,21,21,21,21,21,21,21,21,21,21,21,21,21,21,21,21,21,21,21,21,21,21,21,21,21,21,21
21,21,25,2,21,21,21,21,21,21,2,21,21,2,21,10,10,21,3,2,21,3,21,3,18,25,25,18,21,9,25,9,21,3,21,21,9,18,21,21,2,21,3,3,21,3,18,21,26,9,39,39,39,21,21,21,21,21,21,21,21,21,21,21,21,21,21,21,21,21,21,21,21,21,21,21,21,21,21,21,21,21,21,21,21,21,21,21,21,21,21,21,21,21,21,21,21,21,21,21
21,26,2,21,21,21,2,18,21,25,21,21,2,21,11,11,21,3,2,21,3,21,3,18,25,25,18,21,10,25,10,21,21,21,21,2,2,21,21,21,21,21,11,3,21,10,3,21,21,21,21,39,39,39,21,21,21,21,21,21,21,21,21,21,21,21,21,21,21,21,21,21,21,21,21,21,21,21,21,21,21,21,21,21,21,21,21,21,21,21,21,21,21,21,21,21,21,21,21,21
21,28,2,18,26,3,2,18,26,3,21,21,21,21,21,21,18,21,2,18,26,3,25,21,21,10,18,21,21,11,18,21,21,18,21,3,18,21,21,18,21,11,28,25,23,31,10,3,18,21,26,9,39,39,39,21,21,21,21,21,21,21,21,21,21,21,21,21,21,21,21,21,21,21,21,21,21,21,21,21,21,21,21,21,21,21,21,21,21,21,21,21,21,21,21,21,21,21,21,21
21,21,21,21,2,21,21,21,21,2,21,21,2,18,26,3,21,2,18,26,3,25,21,21,10,21,10,21,21,21,18,21,21,18,21,10,3,21,18,25,9,39,39,39,21,21,21,21,21,21,21,21,21,21,21,21,21,21,21,21,21,21,21,21,21,21,21,21,21,21,21,21,21,21,21,21,21,21,21,21,21,21,21,21,21,21,21,21,21,21,21,21,21,21,21,21,21,21,21,21
21,21,25,2,21,21,21,21,21,21,18,26,3,21,21,21,21,21,21,2,21,21,21,3,21,18,21,9,39,39,39,39,21,21,21,21,21,21,21,21,21,21,21,21,21,21,21,21,21,21,21,21,21,21,21,21,21,21,21,21,21,21,21,21,21,21,21,21,21,21,21,21,21,21,21,21,21,21,21,21,21,21,21,21,21,21,21,21,21,21,21,21,21,21,21,21,21,21,21,21
21,26,21,21,21,21,2,21,21,25,9,21,10,18,26,3,21,10,18,21,21,18,21,2,25,21,21,21,18,18,26,3,21,21,21,11,18,26,3,21,18,21,10,3,21,9,39,39,39,21,21,21,21,21,21,21,21,21,21,21,21,21,21,21,21,21,21,21,21,21,21,21,21,21,21,21,21,21,21,21,21,21,21,21,21,21,21,21,21,21,21,21,21,21,21,21,21,21,21,21
25,18,21,2,21,21,21,18,21,21,2,21,21,18,21,21,18,21,21,2,18,21,21,18,21,21,18,21,12,12,3,21,21,10,18,9,39,39,39,21,21,21,21,21,21,21,21,21,21,21,21,21,21,21,21,21,21,21,21,21,21,21,21,21,21,21,21,21,21,21,21,21,21,21,21,21,21,21,21,21,21,21,21,21,21,21,21,21,21,21,21,21,21,21,21,21,21,21,21,21
21,29,21,19,19,23,31,9,21,21,2,18,26,3,21,9,21,21,3,2,21,3,21,3,21,2,21,21,2,21,2,18,21,21,18,18,21,21,21,21,21,2,21,34,25,3,21,21,21,11,3,21,9,39,39,39,21,21,21,21,21,21,21,21,21,21,21,21,21,21,21,21,21,21,21,21,21,21,21,21,21,21,21,21,21,21,21,21,21,21,21,21,21,21,21,21,21,21,21,21
21,21,21,2,21,21,21,2,21,10,18,25,25,18,21,2,21,11,21,21,21,3,25,10,21,21,21,18,21,21,18,21,2,21,2,21,3,21,3,25,18,21,10,3,3,21,21,39,21,39,21,21,21,21,21,21,21,21,21,21,21,21,21,21,21,21,21,21,21,21,21,21,21,21,21,21,21,21,21,21,21,21,21,21,21,21,21,21,21,21,21,21,21,21,21,21,21,21,21,21
21,21,2,21,3,21,9,18,21,21,2,21,2,21,2,18,26,3,21,10,18,21,21,21,2,21,2,18,26,3,2,18,26,3,21,10,18,21,21,18,21,21,22,36,3,21,10,3,18,25,28,9,39,39,39,39,21,21,21,21,21,21,21,21,21,21,21,21,21,21,21,21,21,21,21,21,21,21,21,21,21,21,21,21,21,21,21,21,21,21,21,21,21,21,21,21,21,21,21,21
21,21,25,21,21,9,18,25,25,18,21,2,25,10,21,21,21,2,21,2,2,21,3,2,3,21,21,10,3,25,9,21,21,21,9,9,21,26,3,25,21,21,3,21,39,21,39,21,21,21,21,21,21,21,21,21,21,21,21,21,21,21,21,21,21,21,21,21,21,21,21,21,21,21,21,21,21,21,21,21,21,21,21,21,21,21,21,21,21,21,21,21,21,21,21,21,21,21,21,21
21,21,21,2,2,21,21,3,3,21,2,18,25,25,18,21,2,21,21,19,23,31,10,21,21,21,26,10,3,25,9,21,21,21,21,21,21,21,2,21,21,21,21,10,3,21,9,39,39,39,21,21,21,21,21,21,21,21,21,21,21,21,21,21,21,21,21,21,21,21,21,21,21,21,21,21,21,21,21,21,21,21,21,21,21,21,21,21,21,21,21,21,21,21,21,21,21,21,21,21
21,21,21,2,21,21,21,21,9,18,25,25,18,21,2,21,10,18,21,2,28,2,21,3,2,18,26,3,18,26,3,21,21,26,10,3,25,9,21,21,19,23,31,9,21,21,21,19,23,31,2,21,2,18,21,21,18,21,21,22,3,21,18,21,10,3,21,9,39,21,39,21,21,21,21,21,21,21,21,21,21,21,21,21,21,21,21,21,21,21,21,21,21,21,21,21,21,21,21,21
21,21,9,2,18,26,3,2,18,26,3,25,21,25,9,21,2,21,10,10,18,21,21,11,21,18,21,21,18,21,21,11,18,25,10,3,18,25,25,18,21,9,25,9,21,3,21,21,9,21,21,2,21,19,23,31,2,21,3,26,29,21,19,23,31,2,21,3,21,9,39,21,39,21,21,21,21,21,21,21,21,21,21,21,21,21,21,21,21,21,21,21,21,21,21,21,21,21,21,21
21,26,2,21,21,21,25,25,18,21,2,21,10,21,21,21,21,21,10,3,25,9,21,21,21,21,9,21,21,21,21,21,9,3,21,9,21,21,21,39,39,39,21,21,21,21,21,21,21,21,21,21,21,21,21,21,21,21,21,21,21,21,21,21,21,21,21,21,21,21,21,21,21,21,21,21,21,21,21,21,21,21,21,21,21,21,21,21,21,21,21,21,21,21,21,21,21,21,21,21
21,21,25,21,21,18,26,3,21,9,9,21,21,21,21,2,21,21,2,18,26,3,21,10,18,21,21,21,2,21,11,18,21,21,18,21,21,21,3,21,18,21,11,3,18,25,10,3,18,25,9,39,39,39,21,21,21,21,21,21,21,21,21,21,21,21,21,21,21,21,21,21,21,21,21,21,21,21,21,21,21,21,21,21,21,21,21,21,21,21,21,21,21,21,21,21,21,21,21,21
21,26,21,21,2,21,21,18,21,25,21,2,10,18,21,21,21,2,21,11,21,3,2,21,3,21,3,18,25,10,3,21,21,21,21,21,9,39,39,39,21,21,21,21,21,21,21,21,21,21,21,21,21,21,21,21,21,21,21,21,21,21,21,21,21,21,21,21,21,21,21,21,21,21,21,21,21,21,21,21,21,21,21,21,21,21,21,21,21,21,21,21,21,21,21,21,21,21,21,21
21,21,2,21,21,21,2,21,2,21,18,21,21,18,21,2,21,21,2,18,26,3,21,21,19,19,23,31,10,21,21,21,19,23,10,2,21,21,21,21,21,3,21,21,18,21,21,22,34,3,21,18,21,10,11,3,21,18,21,9,39,39,39,21,21,21,21,21,21,21,21,21,21,21,21,21,21,21,21,21,21,21,21,21,21,21,21,21,21,21,21,21,21,21,21,21,21,21,21,21
26,18,21,2,25,9,18,21,21,21,21,2,21,21,10,25,18,21,9,3,25,9,21,21,21,21,2,21,21,21,9,3,21,9,21,21,18,21,21,22,36,3,21,10,21,10,39,39,39,21,21,21,21,21,21,21,21,21,21,21,21,21,21,21,21,21,21,21,21,21,21,21,21,21,21,21,21,21,21,21,21,21,21,21,21,21,21,21,21,21,21,21,21,21,21,21,21,21,21,21
21,21,2,21,3,21,9,21,21,2,18,25,21,18,21,21,19,23,23,31,2,21,3,21,25,21,2,18,26,3,21,10,18,21,21,18,21,21,21,2,25,3,2,3,21,18,21,10,3,21,18,25,9,39,39,39,21,21,21,21,21,21,21,21,21,21,21,21,21,21,21,21,21,21,21,21,21,21,21,21,21,21,21,21,21,21,21,21,21,21,21,21,21,21,21,21,21,21,21,21
21,21,25,2,21,21,18,25,25,18,21,2,21,10,21,3,2,21,3,18,21,21,18,21,21,18,21,10,22,3,25,9,21,21,9,21,21,9,3,21,2,21,3,21,39,39,39,21,21,21,21,21,21,21,21,21,21,21,21,21,21,21,21,21,21,21,21,21,21,21,21,21,21,21,21,21,21,21,21,21,21,21,21,21,21,21,21,21,21,21,21,21,21,21,21,21,21,21,21,21
21,21,21,21,2,21,3,21,2,2,21,3,21,9,18,25,25,18,21,2,21,10,21,21,21,21,10,3,25,9,21,21,9,18,21,21,18,2,21,2,18,26,3,26,21,2,21,3,2,21,3,21,3,21,21,9,39,21,39,21,21,21,21,21,21,21,21,21,21,21,21,21,21,21,21,21,21,21,21,21,21,21,21,21,21,21,21,21,21,21,21,21,21,21,21,21,21,21,21,21
21,21,9,18,21,21,2,18,26,3,21,10,18,21,21,18,21,21,2,21,26,3,29,25,23,31,10,3,21,21,2,21,2,18,25,21,18,18,21,21,18,21,3,18,21,21,18,21,11,28,10,3,21,9,39,21,39,21,21,21,21,21,21,21,21,21,21,21,21,21,21,21,21,21,21,21,21,21,21,21,21,21,21,21,21,21,21,21,21,21,21,21,21,21,21,21,21,21,21,21
21,21,21,21,2,21,26,3,25,21,9,21,21,21,21,25,2,21,10,18,25,25,18,21,2,21,11,18,21,21,18,21,21,18,21,11,21,3,25,10,21,21,21,19,23,31,10,21,21,21,21,26,10,3,21,9,39,21,39,21,21,21,21,21,21,21,21,21,21,21,21,21,21,21,21,21,21,21,21,21,21,21,21,21,21,21,21,21,21,21,21,21,21,21,21,21,21,21,21,21
21,21,21,21,3,2,18,3,2,21,2,18,26,3,21,9,18,21,2,2,18,26,3,21,9,3,25,21,2,18,26,3,21,9,18,21,21,18,21,21,25,23,31,9,39,39,39,21,21,21,21,21,21,21,21,21,21,21,21,21,21,21,21,21,21,21,21,21,21,21,21,21,21,21,21,21,21,21,21,21,21,21,21,21,21,21,21,21,21,21,21,21,21,21,21,21,21,21,21,21
21,21,21,2,21,21,21,9,21,21,21,10,21,21,21,21,2,18,21,10,21,26,21,21,11,3,18,25,25,18,21,9,25,2,21,3,21,21,9,2,21,3,21,39,39,39,21,21,21,21,21,21,21,21,21,21,21,21,21,21,21,21,21,21,21,21,21,21,21,21,21,21,21,21,21,21,21,21,21,21,21,21,21,21,21,21,21,21,21,21,21,21,21,21,21,21,21,21,21,21
21,21,26,2,21,21,21,2,21,10,18,21,25,2,21,11,18,25,25,18,21,2,21,2,18,21,21,18,21,21,21,3,21,3,2,21,3,21,3,21,18,21,12,3,25,11,21,21,21,21,21,3,21,2,3,21,3,21,21,3,21,21,9,39,21,39,21,21,21,21,21,21,21,21,21,21,21,21,21,21,21,21,21,21,21,21,21,21,21,21,21,21,21,21,21,21,21,21,21,21
21,21,26,18,26,3,25,21,21,18,21,21,18,21,2,21,25,18,26,3,25,10,21,3,26,21,2,18,26,3,21,21,19,19,31,2,21,3,25,21,2,21,26,3,2,18,26,3,21,10,18,21,21,18,21,21,18,21,10,3,21,18,21,9,39,21,39,21,21,21,21,21,21,21,21,21,21,21,21,21,21,21,21,21,21,21,21,21,21,21,21,21,21,21,21,21,21,21,21,21
21,21,26,2,21,21,21,21,25,25,2,21,10,18,25,25,18,21,2,21,11,11,18,21,21,22,3,21,18,21,21,18,21,11,22,3,25,10,21,21,21,21,21,21,18,21,2,21,21,3,21,3,21,21,3,21,3,25,18,21,10,3,21,21,9,18,39,39,39,21,21,21,21,21,21,21,21,21,21,21,21,21,21,21,21,21,21,21,21,21,21,21,21,21,21,21,21,21,21,21
21,21,21,2,21,21,21,21,21,21,25,21,21,2,21,21,2,18,25,25,18,21,10,25,10,21,21,21,2,21,2,18,26,3,26,21,21,3,21,21,21,21,10,3,21,18,9,39,21,39,21,21,21,21,21,21,21,21,21,21,21,21,21,21,21,21,21,21,21,21,21,21,21,21,21,21,21,21,21,21,21,21,21,21,21,21,21,21,21,21,21,21,21,21,21,21,21,21,21,21
21,21,21,25,21,9,18,21,21,18,21,2,21,25,10,21,2,21,11,21,21,21,21,11,11,3,18,25,25,18,21,10,25,10,21,3,21,21,10,21,21,21,21,21,21,10,3,21,18,21,9,39,21,39,21,21,21,21,21,21,21,21,21,21,21,21,21,21,21,21,21,21,21,21,21,21,21,21,21,21,21,21,21,21,21,21,21,21,21,21,21,21,21,21,21,21,21,21,21,21
21,21,2,21,21,21,2,18,26,3,21,21,9,21,21,21,2,21,10,18,25,25,18,21,2,21,21,21,21,21,21,11,11,3,25,10,21,21,21,21,2,18,26,3,21,2,21,3,2,21,3,21,3,21,21,9,39,21,39,21,21,21,21,21,21,21,21,21,21,21,21,21,21,21,21,21,21,21,21,21,21,21,21,21,21,21,21,21,21,21,21,21,21,21,21,21,21,21,21,21
21,21,2,9,21,9,18,21,21,18,21,21,18,21,9,21,25,9,21,2,21,10,10,18,21,21,2,21,3,25,18,21,10,3,18,25,25,18,21,9,21,9,2,21,21,18,21,21,18,21,9,39,39,39,21,21,21,21,21,21,21,21,21,21,21,21,21,21,21,21,21,21,21,21,21,21,21,21,21,21,21,21,21,21,21,21,21,21,21,21,21,21,21,21,21,21,21,21,21,21
26,18,21,2,21,21,21,21,21,21,21,2,21,21,18,21,25,10,21,21,3,25,9,21,21,21,21,21,2,21,10,18,21,21,18,21,21,18,21,10,3,3,21,21,39,39,39,21,21,21,21,21,21,21,21,21,21,21,21,21,21,21,21,21,21,21,21,21,21,21,21,21,21,21,21,21,21,21,21,21,21,21,21,21,21,21,21,21,21,21,21,21,21,21,21,21,21,21,21,21
21,21,26,21,9,18,21,21,18,21,21,21,10,18,25,25,18,21,2,25,11,21,21,21,21,21,2,21,21,2,21,3,21,11,3,25,10,21,21,21,21,26,3,18,3,18,26,3,21,21,21,21,21,10,3,21,18,21,9,26,21,39,39,39,21,21,21,21,21,21,21,21,21,21,21,21,21,21,21,21,21,21,21,21,21,21,21,21,21,21,21,21,21,21,21,21,21,21,21,21
21,21,9,18,21,21,18,21,3,18,3,2,21,3,21,25,10,2,18,26,3,21,21,10,18,21,21,18,21,2,18,3,2,22,3,22,3,18,21,21,18,18,21,21,21,21,2,21,18,26,3,25,11,3,18,21,21,21,3,26,9,39,39,39,21,21,21,21,21,21,21,21,21,21,21,21,21,21,21,21,21,21,21,21,21,21,21,21,21,21,21,21,21,21,21,21,21,21,21,21
21,26,28,2,18,26,3,2,21,25,9,21,2,21,10,18,21,21,18,21,21,26,18,21,21,18,21,21,11,18,25,10,3,18,25,25,18,21,9,25,9,21,3,21,21,9,18,21,21,18,21,21,9,39,39,39,21,21,21,21,21,21,21,21,21,21,21,21,21,21,21,21,21,21,21,21,21,21,21,21,21,21,21,21,21,21,21,21,21,21,21,21,21,21,21,21,21,21,21,21
21,21,21,2,21,21,21,2,21,10,18,25,25,18,21,2,21,11,21,21,21,18,21,21,18,21,11,3,25,10,21,21,21,18,21,21,18,21,2,21,3,21,2,22,2,3,18,21,10,3,21,21,9,39,21,39,21,21,21,21,21,21,21,21,21,21,21,21,21,21,21,21,21,21,21,21,21,21,21,21,21,21,21,21,21,21,21,21,21,21,21,21,21,21,21,21,21,21,21,21
21,21,9,21,21,21,18,21,26,3,29,25,23,31,21,2,21,2,18,21,9,21,2,18,26,3,25,21,21,21,19,23,31,9,21,21,21,19,23,31,2,25,21,2,18,26,3,21,10,21,3,21,2,21,21,10,3,21,9,39,39,39,21,21,21,21,21,21,21,21,21,21,21,21,21,21,21,21,21,21,21,21,21,21,21,21,21,21,21,21,21,21,21,21,21,21,21,21,21,21
21,21,25,21,21,9,18,25,25,18,21,2,25,10,21,21,21,21,21,11,18,21,21,3,21,21,3,25,9,21,21,21,18,21,21,18,21,3,3,18,21,21,18,21,9,22,21,39,39,39,21,21,21,21,21,21,21,21,21,21,21,21,21,21,21,21,21,21,21,21,21,21,21,21,21,21,21,21,21,21,21,21,21,21,21,21,21,21,21,21,21,21,21,21,21,21,21,21,21,21
21,21,2,21,3,2,21,21,21,21,26,3,25,21,2,21,3,10,18,26,3,25,21,21,21,21,21,10,10,3,21,9,18,26,3,25,9,18,21,21,18,21,21,18,21,9,39,39,39,21,21,21,21,21,21,21,21,21,21,21,21,21,21,21,21,21,21,21,21,21,21,21,21,21,21,21,21,21,21,21,21,21,21,21,21,21,21,21,21,21,21,21,21,21,21,21,21,21,21,21
21,21,26,2,21,21,18,25,25,18,21,2,21,10,21,21,21,18,21,21,26,3,26,10,3,25,9,21,21,21,21,21,21,21,3,3,21,21,9,21,9,21,21,28,2,18,26,3,2,18,26,3,21,9,39,39,39,21,21,21,21,21,21,21,21,21,21,21,21,21,21,21,21,21,21,21,21,21,21,21,21,21,21,21,21,21,21,21,21,21,21,21,21,21,21,21,21,21,21,21
21,21,9,18,21,21,21,2,18,26,3,25,21,21,21,21,21,2,2,21,21,21,2,21,21,18,21,21,18,21,21,22,0,25,3,21,18,25,12,3,21,21,3,21,10,3,25,21,18,21,9,39,39,39,21,21,21,21,21,21,21,21,21,21,21,21,21,21,21,21,21,21,21,21,21,21,21,21,21,21,21,21,21,21,21,21,21,21,21,21,21,21,21,21,21,21,21,21,21,21
21,26,2,21,21,21,21,21,21,3,21,3,21,3,21,2,18,26,3,21,9,21,9,9,18,21,21,18,21,25,9,21,39,39,39,21,21,21,21,21,21,21,21,21,21,21,21,21,21,21,21,21,21,21,21,21,21,21,21,21,21,21,21,21,21,21,21,21,21,21,21,21,21,21,21,21,21,21,21,21,21,21,21,21,21,21,21,21,21,21,21,21,21,21,21,21,21,21,21,21
21,21,2,21,21,9,18,21,21,18,22,3,18,21,21,22,3,21,2,22,3,18,21,9,3,21,9,18,25,25,18,21,2,21,10,18,3,2,21,3,21,3,25,9,21,21,21,21,9,18,21,21,18,21,3,21,18,21,9,39,39,39,21,21,21,21,21,21,21,21,21,21,21,21,21,21,21,21,21,21,21,21,21,21,21,21,21,21,21,21,21,21,21,21,21,21,21,21,21,21
21,21,21,9,18,21,2,18,26,3,25,21,2,18,26,3,2,18,26,3,21,10,18,21,21,18,21,21,21,21,21,21,10,11,3,21,21,21,9,39,39,39,21,21,21,21,21,21,21,21,21,21,21,21,21,21,21,21,21,21,21,21,21,21,21,21,21,21,21,21,21,21,21,21,21,21,21,21,21,21,21,21,21,21,21,21,21,21,21,21,21,21,21,21,21,21,21,21,21,21
21,21,21,21,2,21,21,21,21,21,21,21,21,18,26,21,3,18,21,21,18,26,21,3,18,21,10,3,18,25,25,18,21,9,25,9,21,21,21,21,21,39,39,39,21,21,21,21,21,21,21,21,21,21,21,21,21,21,21,21,21,21,21,21,21,21,21,21,21,21,21,21,21,21,21,21,21,21,21,21,21,21,21,21,21,21,21,21,21,21,21,21,21,21,21,21,21,21,21,21
21,21,2,21,21,9,9,22,3,2,3,21,2,18,25,25,18,21,2,21,10,21,21,21,18,21,36,3,18,21,21,18,21,10,3,25,9,21,21,21,21,21,21,21,39,21,39,21,21,21,21,21,21,21,21,21,21,21,21,21,21,21,21,21,21,21,21,21,21,21,21,21,21,21,21,21,21,21,21,21,21,21,21,21,21,21,21,21,21,21,21,21,21,21,21,21,21,21,21,21
21,21,2,9,18,21,21,18,21,21,18,21,9,21,2,18,26,3,25,21,21,9,25,21,21,25,25,25,9,21,2,18,26,3,21,9,18,21,21,2,21,21,10,39,39,39,39,21,21,21,21,21,21,21,21,21,21,21,21,21,21,21,21,21,21,21,21,21,21,21,21,21,21,21,21,21,21,21,21,21,21,21,21,21,21,21,21,21,21,21,21,21,21,21,21,21,21,21,21,21
21,21,21,2,21,21,21,21,21,2,25,9,21,2,18,26,3,21,2,21,21,18,26,3,25,21,21,21,21,21,21,3,21,3,21,9,39,21,39,21,21,21,21,21,21,21,21,21,21,21,21,21,21,21,21,21,21,21,21,21,21,21,21,21,21,21,21,21,21,21,21,21,21,21,21,21,21,21,21,21,21,21,21,21,21,21,21,21,21,21,21,21,21,21,21,21,21,21,21,21
21,21,21,2,21,2,18,26,3,21,21,9,21,2,21,10,10,18,21,21,18,21,21,18,21,10,3,18,25,25,18,21,9,25,9,21,21,21,2,21,10,10,18,21,21,18,21,3,18,21,21,2,21,10,22,21,3,21,21,9,39,21,39,21,21,21,21,21,21,21,21,21,21,21,21,21,21,21,21,21,21,21,21,21,21,21,21,21,21,21,21,21,21,21,21,21,21,21,21,21
21,21,26,21,21,18,21,2,25,21,2,21,25,21,21,2,21,11,21,26,3,25,21,2,21,3,3,21,21,3,18,25,25,18,21,10,25,10,21,21,21,21,21,21,21,9,39,21,39,21,21,21,21,21,21,21,21,21,21,21,21,21,21,21,21,21,21,21,21,21,21,21,21,21,21,21,21,21,21,21,21,21,21,21,21,21,21,21,21,21,21,21,21,21,21,21,21,21,21,21
21,26,21,2,18,26,3,21,21,21,2,2,21,21,21,21,26,3,25,21,21,21,21,21,21,21,21,21,21,21,3,21,9,18,26,39,39,39,21,21,21,21,21,21,21,21,21,21,21,21,21,21,21,21,21,21,21,21,21,21,21,21,21,21,21,21,21,21,21,21,21,21,21,21,21,21,21,21,21,21,21,21,21,21,21,21,21,21,21,21,21,21,21,21,21,21,21,21,21,21
21,21,2,2,21,21,21,21,21,21,25,9,21,2,21,10,10,18,21,21,22,3,21,18,21,21,18,21,10,22,3,18,25,25,18,21,9,25,9,21,3,21,21,9,21,2,18,26,3,26,2,21,3,2,39,21,39,21,21,21,21,21,21,21,21,21,21,21,21,21,21,21,21,21,21,21,21,21,21,21,21,21,21,21,21,21,21,21,21,21,21,21,21,21,21,21,21,21,21,21
21,26,21,21,9,9,21,21,21,10,18,21,21,18,21,21,18,21,10,3,18,25,25,18,21,9,25,9,21,21,21,2,21,19,23,31,2,21,2,2,22,26,3,26,21,3,21,9,39,39,39,21,21,21,21,21,21,21,21,21,21,21,21,21,21,21,21,21,21,21,21,21,21,21,21,21,21,21,21,21,21,21,21,21,21,21,21,21,21,21,21,21,21,21,21,21,21,21,21,21
25,0,21,21,9,21,21,2,2,21,2,18,26,3,21,9,18,21,21,21,21,21,21,9,3,21,10,10,39,39,39,21,21,21,21,21,21,21,21,21,21,21,21,21,21,21,21,21,21,21,21,21,21,21,21,21,21,21,21,21,21,21,21,21,21,21,21,21,21,21,21,21,21,21,21,21,21,21,21,21,21,21,21,21,21,21,21,21,21,21,21,21,21,21,21,21,21,21,21,21
21,21,21,21,21,21,21,2,2,21,2,18,26,3,25,29,21,19,23,23,31,9,21,3,21,25,21,2,18,26,3,21,9,18,21,21,21,21,21,2,21,21,9,3,21,10,39,39,39,39,21,21,21,21,21,21,21,21,21,21,21,21,21,21,21,21,21,21,21,21,21,21,21,21,21,21,21,21,21,21,21,21,21,21,21,21,21,21,21,21,21,21,21,21,21,21,21,21,21,21
21,21,9,18,21,21,2,21,21,10,21,3,10,18,21,21,18,21,21,18,21,10,3,21,2,18,26,3,21,10,21,26,3,25,21,21,21,21,21,21,19,23,23,31,2,21,3,21,10,3,18,21,2,18,21,9,39,39,39,21,21,21,21,21,21,21,21,21,21,21,21,21,21,21,21,21,21,21,21,21,21,21,21,21,21,21,21,21,21,21,21,21,21,21,21,21,21,21,21,21
21,21,9,18,21,21,18,21,21,2,21,9,21,2,21,2,18,26,3,25,21,21,21,3,21,9,18,21,21,18,21,2,18,21,9,22,34,39,39,39,21,21,21,21,21,21,21,21,21,21,21,21,21,21,21,21,21,21,21,21,21,21,21,21,21,21,21,21,21,21,21,21,21,21,21,21,21,21,21,21,21,21,21,21,21,21,21,21,21,21,21,21,21,21,21,21,21,21,21,21
21,21,21,9,18,21,21,18,21,2,21,3,21,2,21,21,2,18,26,3,25,21,21,21,3,21,21,3,21,10,21,3,2,21,3,21,3,18,21,9,39,39,39,39,21,21,21,21,21,21,21,21,21,21,21,21,21,21,21,21,21,21,21,21,21,21,21,21,21,21,21,21,21,21,21,21,21,21,21,21,21,21,21,21,21,21,21,21,21,21,21,21,21,21,21,21,21,21,21,21
21,21,21,21,21,21,3,21,21,21,3,21,9,18,25,25,18,21,2,21,10,18,3,2,21,10,18,21,21,18,21,21,18,21,3,18,21,10,3,3,25,9,21,21,21,21,26,3,25,21,21,3,21,39,39,39,39,21,21,21,21,21,21,21,21,21,21,21,21,21,21,21,21,21,21,21,21,21,21,21,21,21,21,21,21,21,21,21,21,21,21,21,21,21,21,21,21,21,21,21
21,21,2,2,21,21,3,21,21,21,2,21,3,25,18,21,9,3,21,9,18,25,25,18,21,2,21,10,21,21,21,2,21,3,25,18,21,10,3,25,9,21,21,21,21,9,18,21,21,21,3,21,18,21,21,18,21,9,21,39,39,39,21,21,21,21,21,21,21,21,21,21,21,21,21,21,21,21,21,21,21,21,21,21,21,21,21,21,21,21,21,21,21,21,21,21,21,21,21,21
21,21,2,21,21,9,18,25,25,18,21,2,25,10,21,21,21,2,21,2,18,21,2,18,26,3,25,21,21,3,21,11,3,26,3,21,21,10,3,25,9,21,21,21,21,3,2,21,9,18,21,21,18,21,21,22,3,21,18,21,9,39,21,39,21,21,21,21,21,21,21,21,21,21,21,21,21,21,21,21,21,21,21,21,21,21,21,21,21,21,21,21,21,21,21,21,21,21,21,21
21,21,21,21,21,21,21,21,21,21,21,19,23,23,31,2,21,3,25,21,2,18,26,3,21,9,9,9,18,21,21,21,3,25,21,2,21,3,18,21,9,39,21,39,21,21,21,21,21,21,21,21,21,21,21,21,21,21,21,21,21,21,21,21,21,21,21,21,21,21,21,21,21,21,21,21,21,21,21,21,21,21,21,21,21,21,21,21,21,21,21,21,21,21,21,21,21,21,21,21
21,21,9,18,21,21,18,21,21,2,28,29,29,21,19,23,31,11,21,21,29,21,19,19,23,31,10,21,29,21,19,23,31,11,21,3,21,2,18,26,3,21,21,21,18,21,21,21,18,21,10,3,3,21,11,3,18,25,9,39,39,39,21,21,21,21,21,21,21,21,21,21,21,21,21,21,21,21,21,21,21,21,21,21,21,21,21,21,21,21,21,21,21,21,21,21,21,21,21,21
21,21,21,2,21,21,21,21,3,21,21,21,21,21,21,21,21,21,18,21,21,18,21,10,21,21,21,25,18,26,3,25,21,21,21,3,2,21,3,21,3,21,9,39,21,39,21,21,21,21,21,21,21,21,21,21,21,21,21,21,21,21,21,21,21,21,21,21,21,21,21,21,21,21,21,21,21,21,21,21,21,21,21,21,21,21,21,21,21,21,21,21,21,21,21,21,21,21,21,21
21,21,9,18,21,21,21,2,18,26,3,25,21,21,21,21,21,2,21,2,18,21,21,3,21,2,18,26,3,21,11,11,21,3,21,3,21,21,3,21,18,25,2,21,34,25,3,21,25,23,31,9,39,39,39,21,21,21,21,21,21,21,21,21,21,21,21,21,21,21,21,21,21,21,21,21,21,21,21,21,21,21,21,21,21,21,21,21,21,21,21,21,21,21,21,21,21,21,21,21
21,21,9,18,21,21,21,2,21,3,18,21,9,21,2,18,26,3,2,18,26,3,25,21,21,21,21,21,21,2,18,26,3,25,21,21,3,21,21,10,18,21,21,18,21,2,21,3,21,2,22,36,3,18,21,10,3,21,21,9,39,21,39,21,21,21,21,21,21,21,21,21,21,21,21,21,21,21,21,21,21,21,21,21,21,21,21,21,21,21,21,21,21,21,21,21,21,21,21,21
21,21,9,18,21,21,18,21,2,18,26,3,25,21,21,10,21,25,21,2,18,26,3,21,11,18,21,21,21,2,21,12,2,21,21,12,3,18,25,11,3,21,21,10,3,18,21,21,25,23,31,9,39,39,39,21,21,21,21,21,21,21,21,21,21,21,21,21,21,21,21,21,21,21,21,21,21,21,21,21,21,21,21,21,21,21,21,21,21,21,21,21,21,21,21,21,21,21,21,21
26,28,21,9,18,21,21,18,21,2,9,21,21,18,21,21,18,21,21,2,25,21,2,18,26,3,21,10,18,26,3,25,21,21,21,21,21,2,21,21,3,21,3,3,18,21,9,39,39,39,21,21,21,21,21,21,21,21,21,21,21,21,21,21,21,21,21,21,21,21,21,21,21,21,21,21,21,21,21,21,21,21,21,21,21,21,21,21,21,21,21,21,21,21,21,21,21,21,21,21
21,21,2,2,21,21,3,21,2,21,25,9,21,2,21,10,18,21,21,18,21,21,18,21,10,3,18,25,25,18,21,9,25,9,21,29,21,19,19,31,10,21,21,25,21,19,19,23,31,2,21,3,3,21,21,19,19,31,10,21,9,39,21,39,21,21,21,21,21,21,21,21,21,21,21,21,21,21,21,21,21,21,21,21,21,21,21,21,21,21,21,21,21,21,21,21,21,21,21,21
21,26,21,21,21,21,3,2,21,18,26,3,25,21,21,21,3,21,2,18,26,3,25,9,18,21,21,18,21,2,21,2,10,2,21,3,18,26,3,21,9,39,39,39,39,21,21,21,21,21,21,21,21,21,21,21,21,21,21,21,21,21,21,21,21,21,21,21,21,21,21,21,21,21,21,21,21,21,21,21,21,21,21,21,21,21,21,21,21,21,21,21,21,21,21,21,21,21,21,21
21,21,21,21,21,21,21,25,10,21,2,21,11,18,21,21,18,21,21,25,23,31,11,3,18,25,25,18,21,10,25,10,21,21,21,21,2,21,25,21,2,18,26,3,26,2,21,3,2,3,21,10,3,21,21,21,21,39,39,39,21,21,21,21,21,21,21,21,21,21,21,21,21,21,21,21,21,21,21,21,21,21,21,21,21,21,21,21,21,21,21,21,21,21,21,21,21,21,21,21
26,18,21,2,21,21,21,21,21,2,18,26,3,25,21,21,21,21,21,21,19,23,23,31,2,21,25,21,21,18,26,3,21,10,18,21,21,18,21,3,18,21,21,18,21,10,3,21,9,39,39,39,21,21,21,21,21,21,21,21,21,21,21,21,21,21,21,21,21,21,21,21,21,21,21,21,21,21,21,21,21,21,21,21,21,21,21,21,21,21,21,21,21,21,21,21,21,21,21,21
21,21,9,29,21,19,19,23,31,9,21,21,21,19,23,31,2,21,21,21,3,21,2,18,25,25,18,21,2,21,11,11,25,10,21,21,21,21,21,21,21,21,21,2,21,21,10,3,21,21,21,21,21,21,21,10,39,39,39,21,21,21,21,21,21,21,21,21,21,21,21,21,21,21,21,21,21,21,21,21,21,21,21,21,21,21,21,21,21,21,21,21,21,21,21,21,21,21,21,21
21,21,9,18,21,21,2,21,3,18,26,3,25,21,21,10,21,3,2,21,3,21,3,21,2,18,26,3,25,21,18,21,25,9,21,9,18,21,21,18,21,21,21,3,3,21,18,21,9,39,39,39,21,21,21,21,21,21,21,21,21,21,21,21,21,21,21,21,21,21,21,21,21,21,21,21,21,21,21,21,21,21,21,21,21,21,21,21,21,21,21,21,21,21,21,21,21,21,21,21
21,26,18,21,21,18,21,21,2,21,10,18,25,25,2,18,21,21,21,21,21,21,3,21,2,21,21,2,18,21,21,25,23,4,31,2,21,21,21,21,21,21,12,3,21,21,3,18,25,10,3,18,21,9,39,39,39,21,21,21,21,21,21,21,21,21,21,21,21,21,21,21,21,21,21,21,21,21,21,21,21,21,21,21,21,21,21,21,21,21,21,21,21,21,21,21,21,21,21,21
