io_time: 0.0758549690246582
job_time: 778.5035400390625
max_duration: 2.191842794418335
total_files: 1547
total_ops: 27463
total_ranks: 1280
